0.00000000000000e+00  -5.00173398563365e-01
5.00000000000000e+00  -5.00174195983452e-01
1.00000000000000e+01  -5.00174999248127e-01
1.50000000000000e+01  -5.00175808363992e-01
2.00000000000000e+01  -5.00176623339646e-01
2.50000000000000e+01  -5.00177444185653e-01
3.00000000000000e+01  -5.00178270914504e-01
3.50000000000000e+01  -5.00179103540588e-01
4.00000000000000e+01  -5.00179942080160e-01
4.50000000000000e+01  -5.00180786551307e-01
5.00000000000000e+01  -5.00181636973921e-01
5.50000000000000e+01  -5.00182493369668e-01
6.00000000000000e+01  -5.00183355761957e-01
6.50000000000000e+01  -5.00184224175911e-01
7.00000000000000e+01  -5.00185098638341e-01
7.50000000000000e+01  -5.00185979177717e-01
8.00000000000000e+01  -5.00186865824141e-01
8.50000000000000e+01  -5.00187758609319e-01
9.00000000000000e+01  -5.00188657566539e-01
9.50000000000000e+01  -5.00189562730642e-01
1.00000000000000e+02  -5.00190474137998e-01
1.05000000000000e+02  -5.00191391826482e-01
1.10000000000000e+02  -5.00192315835453e-01
1.15000000000000e+02  -5.00193246205727e-01
1.20000000000000e+02  -5.00194182979556e-01
1.25000000000000e+02  -5.00195126200610e-01
1.30000000000000e+02  -5.00196075913950e-01
1.35000000000000e+02  -5.00197032166009e-01
1.40000000000000e+02  -5.00197995004576e-01
1.45000000000000e+02  -5.00198964478772e-01
1.50000000000000e+02  -5.00199940639033e-01
1.55000000000000e+02  -5.00200923537092e-01
1.60000000000000e+02  -5.00201913225961e-01
1.65000000000000e+02  -5.00202909759913e-01
1.70000000000000e+02  -5.00203913194470e-01
1.75000000000000e+02  -5.00204923586380e-01
1.80000000000000e+02  -5.00205940993606e-01
1.85000000000000e+02  -5.00206965475314e-01
1.90000000000000e+02  -5.00207997091853e-01
1.95000000000000e+02  -5.00209035904744e-01
2.00000000000000e+02  -5.00210081976671e-01
2.05000000000000e+02  -5.00211135371461e-01
2.10000000000000e+02  -5.00212196154080e-01
2.15000000000000e+02  -5.00213264390616e-01
2.20000000000000e+02  -5.00214340148274e-01
2.25000000000000e+02  -5.00215423495359e-01
2.30000000000000e+02  -5.00216514501275e-01
2.35000000000000e+02  -5.00217613236509e-01
2.40000000000000e+02  -5.00218719772627e-01
2.45000000000000e+02  -5.00219834182267e-01
2.50000000000000e+02  -5.00220956539127e-01
2.55000000000000e+02  -5.00222086917966e-01
2.60000000000000e+02  -5.00223225394591e-01
2.65000000000000e+02  -5.00224372045858e-01
2.70000000000000e+02  -5.00225526949663e-01
2.75000000000000e+02  -5.00226690184940e-01
2.80000000000000e+02  -5.00227861831657e-01
2.85000000000000e+02  -5.00229041970816e-01
2.90000000000000e+02  -5.00230230684444e-01
2.95000000000000e+02  -5.00231428055599e-01
3.00000000000000e+02  -5.00232634168365e-01
3.05000000000000e+02  -5.00233849107851e-01
3.10000000000000e+02  -5.00235072960195e-01
3.15000000000000e+02  -5.00236305812559e-01
3.20000000000000e+02  -5.00237547753137e-01
3.25000000000000e+02  -5.00238798871151e-01
3.30000000000000e+02  -5.00240059256858e-01
3.35000000000000e+02  -5.00241329001548e-01
3.40000000000000e+02  -5.00242608197556e-01
3.45000000000000e+02  -5.00243896938257e-01
3.50000000000000e+02  -5.00245195318076e-01
3.55000000000000e+02  -5.00246503432495e-01
3.60000000000000e+02  -5.00247821378055e-01
3.65000000000000e+02  -5.00249149252364e-01
3.70000000000000e+02  -5.00250487154107e-01
3.75000000000000e+02  -5.00251835183049e-01
3.80000000000000e+02  -5.00253193440048e-01
3.85000000000000e+02  -5.00254562027061e-01
3.90000000000000e+02  -5.00255941047157e-01
3.95000000000000e+02  -5.00257330604523e-01
4.00000000000000e+02  -5.00258730804478e-01
4.05000000000000e+02  -5.00260141753484e-01
4.10000000000000e+02  -5.00261563559155e-01
4.15000000000000e+02  -5.00262996330275e-01
4.20000000000000e+02  -5.00264440176807e-01
4.25000000000000e+02  -5.00265895209908e-01
4.30000000000000e+02  -5.00267361541945e-01
4.35000000000000e+02  -5.00268839286505e-01
4.40000000000000e+02  -5.00270328558418e-01
4.45000000000000e+02  -5.00271829473767e-01
4.50000000000000e+02  -5.00273342149908e-01
4.55000000000000e+02  -5.00274866705488e-01
4.60000000000000e+02  -5.00276403260456e-01
4.65000000000000e+02  -5.00277951936094e-01
4.70000000000000e+02  -5.00279512855023e-01
4.75000000000000e+02  -5.00281086141233e-01
4.80000000000000e+02  -5.00282671920097e-01
4.85000000000000e+02  -5.00284270318395e-01
4.90000000000000e+02  -5.00285881464334e-01
4.95000000000000e+02  -5.00287505487572e-01
5.00000000000000e+02  -5.00289142519237e-01
5.05000000000000e+02  -5.00290792691954e-01
5.10000000000000e+02  -5.00292456139870e-01
5.15000000000000e+02  -5.00294132998672e-01
5.20000000000000e+02  -5.00295823405618e-01
5.25000000000000e+02  -5.00297527499561e-01
5.30000000000000e+02  -5.00299245420976e-01
5.35000000000000e+02  -5.00300977311983e-01
5.40000000000000e+02  -5.00302723316380e-01
5.45000000000000e+02  -5.00304483579667e-01
5.50000000000000e+02  -5.00306258249078e-01
5.55000000000000e+02  -5.00308047473605e-01
5.60000000000000e+02  -5.00309851404035e-01
5.65000000000000e+02  -5.00311670192972e-01
5.70000000000000e+02  -5.00313503994877e-01
5.75000000000000e+02  -5.00315352966093e-01
5.80000000000000e+02  -5.00317217264877e-01
5.85000000000000e+02  -5.00319097051440e-01
5.90000000000000e+02  -5.00320992487971e-01
5.95000000000000e+02  -5.00322903738679e-01
6.00000000000000e+02  -5.00324830969820e-01
6.05000000000000e+02  -5.00326774349739e-01
6.10000000000000e+02  -5.00328734048902e-01
6.15000000000000e+02  -5.00330710239934e-01
6.20000000000000e+02  -5.00332703097653e-01
6.25000000000000e+02  -5.00334712799111e-01
6.30000000000000e+02  -5.00336739523632e-01
6.35000000000000e+02  -5.00338783452848e-01
6.40000000000000e+02  -5.00340844770739e-01
6.45000000000000e+02  -5.00342923663675e-01
6.50000000000000e+02  -5.00345020320454e-01
6.55000000000000e+02  -5.00347134932347e-01
6.60000000000000e+02  -5.00349267693132e-01
6.65000000000000e+02  -5.00351418799146e-01
6.70000000000000e+02  -5.00353588449320e-01
6.75000000000000e+02  -5.00355776845227e-01
6.80000000000000e+02  -5.00357984191123e-01
6.85000000000000e+02  -5.00360210693995e-01
6.90000000000000e+02  -5.00362456563604e-01
6.95000000000000e+02  -5.00364722012529e-01
7.00000000000000e+02  -5.00367007256219e-01
7.05000000000000e+02  -5.00369312513033e-01
7.10000000000000e+02  -5.00371638004294e-01
7.15000000000000e+02  -5.00373983954335e-01
7.20000000000000e+02  -5.00376350590542e-01
7.25000000000000e+02  -5.00378738143415e-01
7.30000000000000e+02  -5.00381146846609e-01
7.35000000000000e+02  -5.00383576936986e-01
7.40000000000000e+02  -5.00386028654668e-01
7.45000000000000e+02  -5.00388502243088e-01
7.50000000000000e+02  -5.00390997949043e-01
7.55000000000000e+02  -5.00393516022747e-01
7.60000000000000e+02  -5.00396056717880e-01
7.65000000000000e+02  -5.00398620291651e-01
7.70000000000000e+02  -5.00401207004844e-01
7.75000000000000e+02  -5.00403817121878e-01
7.80000000000000e+02  -5.00406450910863e-01
7.85000000000000e+02  -5.00409108643653e-01
7.90000000000000e+02  -5.00411790595908e-01
7.95000000000000e+02  -5.00414497047148e-01
8.00000000000000e+02  -5.00417228280812e-01
8.05000000000000e+02  -5.00419984584318e-01
8.10000000000000e+02  -5.00422766249121e-01
8.15000000000000e+02  -5.00425573570775e-01
8.20000000000000e+02  -5.00428406848989e-01
8.25000000000000e+02  -5.00431266387696e-01
8.30000000000000e+02  -5.00434152495109e-01
8.35000000000000e+02  -5.00437065483783e-01
8.40000000000000e+02  -5.00440005670682e-01
8.45000000000000e+02  -5.00442973377240e-01
8.50000000000000e+02  -5.00445968929426e-01
8.55000000000000e+02  -5.00448992657806e-01
8.60000000000000e+02  -5.00452044897616e-01
8.65000000000000e+02  -5.00455125988817e-01
8.70000000000000e+02  -5.00458236276172e-01
8.75000000000000e+02  -5.00461376109306e-01
8.80000000000000e+02  -5.00464545842777e-01
8.85000000000000e+02  -5.00467745836145e-01
8.90000000000000e+02  -5.00470976454036e-01
8.95000000000000e+02  -5.00474238066220e-01
9.00000000000000e+02  -5.00477531047673e-01
9.05000000000000e+02  -5.00480855778652e-01
9.10000000000000e+02  -5.00484212644764e-01
9.15000000000000e+02  -5.00487602037043e-01
9.20000000000000e+02  -5.00491024352014e-01
9.25000000000000e+02  -5.00494479991774e-01
9.30000000000000e+02  -5.00497969364061e-01
9.35000000000000e+02  -5.00501492882331e-01
9.40000000000000e+02  -5.00505050965831e-01
9.45000000000000e+02  -5.00508644039674e-01
9.50000000000000e+02  -5.00512272534918e-01
9.55000000000000e+02  -5.00515936888640e-01
9.60000000000000e+02  -5.00519637544014e-01
9.65000000000000e+02  -5.00523374950389e-01
9.70000000000000e+02  -5.00527149563367e-01
9.75000000000000e+02  -5.00530961844883e-01
9.80000000000000e+02  -5.00534812263283e-01
9.85000000000000e+02  -5.00538701293407e-01
9.90000000000000e+02  -5.00542629416665e-01
9.95000000000000e+02  -5.00546597121124e-01
1.00000000000000e+03  -5.00550604901587e-01
1.00500000000000e+03  -5.00554653259674e-01
1.01000000000000e+03  -5.00558742703909e-01
1.01500000000000e+03  -5.00562873749800e-01
1.02000000000000e+03  -5.00567046919928e-01
1.02500000000000e+03  -5.00571262744026e-01
1.03000000000000e+03  -5.00575521759069e-01
1.03500000000000e+03  -5.00579824509361e-01
1.04000000000000e+03  -5.00584171546615e-01
1.04500000000000e+03  -5.00588563430048e-01
1.05000000000000e+03  -5.00593000726466e-01
1.05500000000000e+03  -5.00597484010351e-01
1.06000000000000e+03  -5.00602013863951e-01
1.06500000000000e+03  -5.00606590877370e-01
1.07000000000000e+03  -5.00611215648660e-01
1.07500000000000e+03  -5.00615888783910e-01
1.08000000000000e+03  -5.00620610897335e-01
1.08500000000000e+03  -5.00625382611374e-01
1.09000000000000e+03  -5.00630204556777e-01
1.09500000000000e+03  -5.00635077372704e-01
1.10000000000000e+03  -5.00640001706810e-01
1.10500000000000e+03  -5.00644978215350e-01
1.11000000000000e+03  -5.00650007563266e-01
1.11500000000000e+03  -5.00655090424287e-01
1.12000000000000e+03  -5.00660227481024e-01
1.12500000000000e+03  -5.00665419425064e-01
1.13000000000000e+03  -5.00670666957073e-01
1.13500000000000e+03  -5.00675970786889e-01
1.14000000000000e+03  -5.00681331633624e-01
1.14500000000000e+03  -5.00686750225761e-01
1.15000000000000e+03  -5.00692227301254e-01
1.15500000000000e+03  -5.00697763607629e-01
1.16000000000000e+03  -5.00703359902085e-01
1.16500000000000e+03  -5.00709016951596e-01
1.17000000000000e+03  -5.00714735533012e-01
1.17500000000000e+03  -5.00720516433161e-01
1.18000000000000e+03  -5.00726360448955e-01
1.18500000000000e+03  -5.00732268387492e-01
1.19000000000000e+03  -5.00738241066162e-01
1.19500000000000e+03  -5.00744279312748e-01
1.20000000000000e+03  -5.00750383965538e-01
1.20500000000000e+03  -5.00756555873426e-01
1.21000000000000e+03  -5.00762795896023e-01
1.21500000000000e+03  -5.00769104903760e-01
1.22000000000000e+03  -5.00775483777999e-01
1.22500000000000e+03  -5.00781933411142e-01
1.23000000000000e+03  -5.00788454706741e-01
1.23500000000000e+03  -5.00795048579601e-01
1.24000000000000e+03  -5.00801715955902e-01
1.24500000000000e+03  -5.00808457773298e-01
1.25000000000000e+03  -5.00815248005919e-01
1.25500000000000e+03  -5.00822160330078e-01
1.26000000000000e+03  -5.00829148545553e-01
1.26500000000000e+03  -5.00836213999177e-01
1.27000000000000e+03  -5.00843358027083e-01
1.27500000000000e+03  -5.00850581956218e-01
1.28000000000000e+03  -5.00857887105821e-01
1.28500000000000e+03  -5.00865274788866e-01
1.29000000000000e+03  -5.00872746313466e-01
1.29500000000000e+03  -5.00880302984236e-01
1.30000000000000e+03  -5.00887946103624e-01
1.30500000000000e+03  -5.00895676973203e-01
1.31000000000000e+03  -5.00903496894922e-01
1.31500000000000e+03  -5.00911407172322e-01
1.32000000000000e+03  -5.00919409111715e-01
1.32500000000000e+03  -5.00927504023325e-01
1.33000000000000e+03  -5.00935693222391e-01
1.33500000000000e+03  -5.00943978030230e-01
1.34000000000000e+03  -5.00952359775267e-01
1.34500000000000e+03  -5.00960839794028e-01
1.35000000000000e+03  -5.00969419432086e-01
1.35500000000000e+03  -5.00978100044982e-01
1.36000000000000e+03  -5.00986882999100e-01
1.36500000000000e+03  -5.00995769672507e-01
1.37000000000000e+03  -5.01004761455757e-01
1.37500000000000e+03  -5.01013859752654e-01
1.38000000000000e+03  -5.01023065980979e-01
1.38500000000000e+03  -5.01032381573183e-01
1.39000000000000e+03  -5.01041807977034e-01
1.39500000000000e+03  -5.01051346656235e-01
1.40000000000000e+03  -5.01060999091002e-01
1.40500000000000e+03  -5.01070766778598e-01
1.41000000000000e+03  -5.01080651233842e-01
1.41500000000000e+03  -5.01090653989567e-01
1.42000000000000e+03  -5.01100776597049e-01
1.42500000000000e+03  -5.01111020626397e-01
1.43000000000000e+03  -5.01121387666904e-01
1.43500000000000e+03  -5.01131879327360e-01
1.44000000000000e+03  -5.01142497236327e-01
1.44500000000000e+03  -5.01153243042382e-01
1.45000000000000e+03  -5.01164118414314e-01
1.45500000000000e+03  -5.01175125041291e-01
1.46000000000000e+03  -5.01186264632980e-01
1.46500000000000e+03  -5.01197538919645e-01
1.47000000000000e+03  -5.01208949652190e-01
1.47500000000000e+03  -5.01220498602172e-01
1.48000000000000e+03  -5.01232187561784e-01
1.48500000000000e+03  -5.01244018343784e-01
1.49000000000000e+03  -5.01255992781404e-01
1.49500000000000e+03  -5.01268112728206e-01
1.50000000000000e+03  -5.01280380057912e-01
1.50500000000000e+03  -5.01292796664188e-01
1.51000000000000e+03  -5.01305364460397e-01
1.51500000000000e+03  -5.01318085379313e-01
1.52000000000000e+03  -5.01330961372790e-01
1.52500000000000e+03  -5.01343994411406e-01
1.53000000000000e+03  -5.01357186484060e-01
1.53500000000000e+03  -5.01370539597533e-01
1.54000000000000e+03  -5.01384055776016e-01
1.54500000000000e+03  -5.01397737060595e-01
1.55000000000000e+03  -5.01411585508700e-01
1.55500000000000e+03  -5.01425603193518e-01
1.56000000000000e+03  -5.01439792203369e-01
1.56500000000000e+03  -5.01454154641040e-01
1.57000000000000e+03  -5.01468692623086e-01
1.57500000000000e+03  -5.01483408279090e-01
1.58000000000000e+03  -5.01498303750889e-01
1.58500000000000e+03  -5.01513381191759e-01
1.59000000000000e+03  -5.01528642765568e-01
1.59500000000000e+03  -5.01544090645879e-01
1.60000000000000e+03  -5.01559727015034e-01
1.60500000000000e+03  -5.01575554063180e-01
1.61000000000000e+03  -5.01591573987276e-01
1.61500000000000e+03  -5.01607788990050e-01
1.62000000000000e+03  -5.01624201278923e-01
1.62500000000000e+03  -5.01640813064896e-01
1.63000000000000e+03  -5.01657626561396e-01
1.63500000000000e+03  -5.01674643983089e-01
1.64000000000000e+03  -5.01691867544651e-01
1.64500000000000e+03  -5.01709299459508e-01
1.65000000000000e+03  -5.01726941938527e-01
1.65500000000000e+03  -5.01744797188683e-01
1.66000000000000e+03  -5.01762867411679e-01
1.66500000000000e+03  -5.01781154802529e-01
1.67000000000000e+03  -5.01799661548111e-01
1.67500000000000e+03  -5.01818389825673e-01
1.68000000000000e+03  -5.01837341801306e-01
1.68500000000000e+03  -5.01856519628381e-01
1.69000000000000e+03  -5.01875925445944e-01
1.69500000000000e+03  -5.01895561377078e-01
1.70000000000000e+03  -5.01915429527222e-01
1.70500000000000e+03  -5.01935531982461e-01
1.71000000000000e+03  -5.01955870807766e-01
1.71500000000000e+03  -5.01976448045210e-01
1.72000000000000e+03  -5.01997265712136e-01
1.72500000000000e+03  -5.02018325799291e-01
1.73000000000000e+03  -5.02039630268928e-01
1.73500000000000e+03  -5.02061181052857e-01
1.74000000000000e+03  -5.02082980050473e-01
1.74500000000000e+03  -5.02105029126740e-01
1.75000000000000e+03  -5.02127330110131e-01
1.75500000000000e+03  -5.02149884790544e-01
1.76000000000000e+03  -5.02172694917170e-01
1.76500000000000e+03  -5.02195762196326e-01
1.77000000000000e+03  -5.02219088289255e-01
1.77500000000000e+03  -5.02242674809879e-01
1.78000000000000e+03  -5.02266523322524e-01
1.78500000000000e+03  -5.02290635339602e-01
1.79000000000000e+03  -5.02315012319256e-01
1.79500000000000e+03  -5.02339655662971e-01
1.80000000000000e+03  -5.02364566713141e-01
1.80500000000000e+03  -5.02389746750605e-01
1.81000000000000e+03  -5.02415196992142e-01
1.81500000000000e+03  -5.02440918587925e-01
1.82000000000000e+03  -5.02466912618949e-01
1.82500000000000e+03  -5.02493180094406e-01
1.83000000000000e+03  -5.02519721949033e-01
1.83500000000000e+03  -5.02546539040424e-01
1.84000000000000e+03  -5.02573632146293e-01
1.84500000000000e+03  -5.02601001961709e-01
1.85000000000000e+03  -5.02628649096294e-01
1.85500000000000e+03  -5.02656574071375e-01
1.86000000000000e+03  -5.02684777317108e-01
1.86500000000000e+03  -5.02713259169558e-01
1.87000000000000e+03  -5.02742019867743e-01
1.87500000000000e+03  -5.02771037204779e-01
1.88000000000000e+03  -5.02800341796001e-01
1.88500000000000e+03  -5.02829922566324e-01
1.89000000000000e+03  -5.02859778924516e-01
1.89500000000000e+03  -5.02889910157793e-01
1.90000000000000e+03  -5.02920315426376e-01
1.90500000000000e+03  -5.02950993758322e-01
1.91000000000000e+03  -5.02981944044634e-01
1.91500000000000e+03  -5.03013165034662e-01
1.92000000000000e+03  -5.03044655331783e-01
1.92500000000000e+03  -5.03076413389361e-01
1.93000000000000e+03  -5.03108437506986e-01
1.93500000000000e+03  -5.03140725827010e-01
1.94000000000000e+03  -5.03173276331347e-01
1.94500000000000e+03  -5.03206086838568e-01
1.95000000000000e+03  -5.03239155001272e-01
1.95500000000000e+03  -5.03272478303743e-01
1.96000000000000e+03  -5.03306054059888e-01
1.96500000000000e+03  -5.03339879411452e-01
1.97000000000000e+03  -5.03373951326530e-01
1.97500000000000e+03  -5.03408266598341e-01
1.98000000000000e+03  -5.03442821844304e-01
1.98500000000000e+03  -5.03477613505380e-01
1.99000000000000e+03  -5.03512637845709e-01
1.99500000000000e+03  -5.03547890952520e-01
2.00000000000000e+03  -5.03583368736331e-01
2.00500000000000e+03  -5.03619066931425e-01
2.01000000000000e+03  -5.03654981096610e-01
2.01500000000000e+03  -5.03691106616266e-01
2.02000000000000e+03  -5.03727438701668e-01
2.02500000000000e+03  -5.03763972392592e-01
2.03000000000000e+03  -5.03800702559209e-01
2.03500000000000e+03  -5.03837623904254e-01
2.04000000000000e+03  -5.03874730965486e-01
2.04500000000000e+03  -5.03912018118417e-01
2.05000000000000e+03  -5.03949479579341e-01
2.05500000000000e+03  -5.03987109408626e-01
2.06000000000000e+03  -5.04024901514305e-01
2.06500000000000e+03  -5.04062849655941e-01
2.07000000000000e+03  -5.04100947448775e-01
2.07500000000000e+03  -5.04139188368154e-01
2.08000000000000e+03  -5.04177565754250e-01
2.08500000000000e+03  -5.04216072817054e-01
2.09000000000000e+03  -5.04254702641648e-01
2.09500000000000e+03  -5.04293448193776e-01
2.10000000000000e+03  -5.04332302325676e-01
2.10500000000000e+03  -5.04371257782213e-01
2.11000000000000e+03  -5.04410307207282e-01
2.11500000000000e+03  -5.04449443150498e-01
2.12000000000000e+03  -5.04488658074169e-01
2.12500000000000e+03  -5.04527944360548e-01
2.13000000000000e+03  -5.04567294319374e-01
2.13500000000000e+03  -5.04606700195685e-01
2.14000000000000e+03  -5.04646154177923e-01
2.14500000000000e+03  -5.04685648406319e-01
2.15000000000000e+03  -5.04725174981552e-01
2.15500000000000e+03  -5.04764725973706e-01
2.16000000000000e+03  -5.04804293431492e-01
2.16500000000000e+03  -5.04843869391766e-01
2.17000000000000e+03  -5.04883445889323e-01
2.17500000000000e+03  -5.04923014966975e-01
2.18000000000000e+03  -5.04962568685907e-01
2.18500000000000e+03  -5.05002099136324e-01
2.19000000000000e+03  -5.05041598617328e-01
2.19500000000000e+03  -5.05081057667779e-01
2.20000000000000e+03  -5.05120469874116e-01
2.20500000000000e+03  -5.05159827359344e-01
2.21000000000000e+03  -5.05199122310253e-01
2.21500000000000e+03  -5.05238346984798e-01
2.22000000000000e+03  -5.05277493719232e-01
2.22500000000000e+03  -5.05316554934979e-01
2.23000000000000e+03  -5.05355523145276e-01
2.23500000000000e+03  -5.05394390961540e-01
2.24000000000000e+03  -5.05433151099504e-01
2.24500000000000e+03  -5.05471796385093e-01
2.25000000000000e+03  -5.05510319760052e-01
2.25500000000000e+03  -5.05548714287321e-01
2.26000000000000e+03  -5.05586973156167e-01
2.26500000000000e+03  -5.05625089687052e-01
2.27000000000000e+03  -5.05663057336263e-01
2.27500000000000e+03  -5.05700869700287e-01
2.28000000000000e+03  -5.05738520519934e-01
2.28500000000000e+03  -5.05776003684212e-01
2.29000000000000e+03  -5.05813313233946e-01
2.29500000000000e+03  -5.05850443365158e-01
2.30000000000000e+03  -5.05887388432180e-01
2.30500000000000e+03  -5.05924142950533e-01
2.31000000000000e+03  -5.05960701599546e-01
2.31500000000000e+03  -5.05997059224721e-01
2.32000000000000e+03  -5.06033210839861e-01
2.32500000000000e+03  -5.06069151628934e-01
2.33000000000000e+03  -5.06104876947693e-01
2.33500000000000e+03  -5.06140382325043e-01
2.34000000000000e+03  -5.06175663464163e-01
2.34500000000000e+03  -5.06210716243367e-01
2.35000000000000e+03  -5.06245536716722e-01
2.35500000000000e+03  -5.06280121114418e-01
2.36000000000000e+03  -5.06314465842880e-01
2.36500000000000e+03  -5.06348567484631e-01
2.37000000000000e+03  -5.06382422797911e-01
2.37500000000000e+03  -5.06416028716037e-01
2.38000000000000e+03  -5.06449382346516e-01
2.38500000000000e+03  -5.06482480969911e-01
2.39000000000000e+03  -5.06515322038451e-01
2.39500000000000e+03  -5.06547903174390e-01
2.40000000000000e+03  -5.06580222168122e-01
2.40500000000000e+03  -5.06612276976041e-01
2.41000000000000e+03  -5.06644065718146e-01
2.41500000000000e+03  -5.06675586675406e-01
2.42000000000000e+03  -5.06706838286866e-01
2.42500000000000e+03  -5.06737819146506e-01
2.43000000000000e+03  -5.06768527999847e-01
2.43500000000000e+03  -5.06798963740309e-01
2.44000000000000e+03  -5.06829125405320e-01
2.44500000000000e+03  -5.06859012172166e-01
2.45000000000000e+03  -5.06888623353604e-01
2.45500000000000e+03  -5.06917958393210e-01
2.46000000000000e+03  -5.06947016860486e-01
2.46500000000000e+03  -5.06975798445714e-01
2.47000000000000e+03  -5.07004302954562e-01
2.47500000000000e+03  -5.07032530302428e-01
2.48000000000000e+03  -5.07060480508552e-01
2.48500000000000e+03  -5.07088153689860e-01
2.49000000000000e+03  -5.07115550054571e-01
2.49500000000000e+03  -5.07142669895542e-01
2.50000000000000e+03  -5.07169515064126e-01
2.50500000000000e+03  -5.07196084987789e-01
2.51000000000000e+03  -5.07222380537942e-01
2.51500000000000e+03  -5.07248402519943e-01
2.52000000000000e+03  -5.07274151827999e-01
2.52500000000000e+03  -5.07299629441609e-01
2.53000000000000e+03  -5.07324836422070e-01
2.53500000000000e+03  -5.07349773909047e-01
2.54000000000000e+03  -5.07374443117209e-01
2.54500000000000e+03  -5.07398845332923e-01
2.55000000000000e+03  -5.07422981911012e-01
2.55500000000000e+03  -5.07446854271582e-01
2.56000000000000e+03  -5.07470463896904e-01
2.56500000000000e+03  -5.07493812328364e-01
2.57000000000000e+03  -5.07516901163476e-01
2.57500000000000e+03  -5.07539732052953e-01
2.58000000000000e+03  -5.07562306697851e-01
2.58500000000000e+03  -5.07584626846764e-01
2.59000000000000e+03  -5.07606694293096e-01
2.59500000000000e+03  -5.07628510872379e-01
2.60000000000000e+03  -5.07650078459671e-01
2.60500000000000e+03  -5.07671398967006e-01
2.61000000000000e+03  -5.07692474340913e-01
2.61500000000000e+03  -5.07713306559992e-01
2.62000000000000e+03  -5.07733897632561e-01
2.62500000000000e+03  -5.07754249594361e-01
2.63000000000000e+03  -5.07774364506324e-01
2.63500000000000e+03  -5.07794244452405e-01
2.64000000000000e+03  -5.07813891537479e-01
2.64500000000000e+03  -5.07833307885299e-01
2.65000000000000e+03  -5.07852495636516e-01
2.65500000000000e+03  -5.07871456946765e-01
2.66000000000000e+03  -5.07890193984814e-01
2.66500000000000e+03  -5.07908708930772e-01
2.67000000000000e+03  -5.07927003974364e-01
2.67500000000000e+03  -5.07945081313270e-01
2.68000000000000e+03  -5.07962943151524e-01
2.68500000000000e+03  -5.07980591697974e-01
2.69000000000000e+03  -5.07998029164815e-01
2.69500000000000e+03  -5.08015257766171e-01
2.70000000000000e+03  -5.08032279716756e-01
2.70500000000000e+03  -5.08049097230581e-01
2.71000000000000e+03  -5.08065712519737e-01
2.71500000000000e+03  -5.08082127793242e-01
2.72000000000000e+03  -5.08098345255935e-01
2.72500000000000e+03  -5.08114367107452e-01
2.73000000000000e+03  -5.08130195541256e-01
2.73500000000000e+03  -5.08145832743730e-01
2.74000000000000e+03  -5.08161280893334e-01
2.74500000000000e+03  -5.08176542159827e-01
2.75000000000000e+03  -5.08191618703552e-01
2.75500000000000e+03  -5.08206512674778e-01
2.76000000000000e+03  -5.08221226213113e-01
2.76500000000000e+03  -5.08235761446979e-01
2.77000000000000e+03  -5.08250120493144e-01
2.77500000000000e+03  -5.08264305456323e-01
2.78000000000000e+03  -5.08278318428839e-01
2.78500000000000e+03  -5.08292161490353e-01
2.79000000000000e+03  -5.08305836707645e-01
2.79500000000000e+03  -5.08319346134472e-01
2.80000000000000e+03  -5.08332691811480e-01
2.80500000000000e+03  -5.08345875766180e-01
2.81000000000000e+03  -5.08358900012993e-01
2.81500000000000e+03  -5.08371766191965e-01
2.82000000000000e+03  -5.08384476776020e-01
2.82500000000000e+03  -5.08397033470285e-01
2.83000000000000e+03  -5.08409438211886e-01
2.83500000000000e+03  -5.08421692918936e-01
2.84000000000000e+03  -5.08433799490497e-01
2.84500000000000e+03  -5.08445759806554e-01
2.85000000000000e+03  -5.08457575727991e-01
2.85500000000000e+03  -5.08469249096572e-01
2.86000000000000e+03  -5.08480781734925e-01
2.86500000000000e+03  -5.08492175446542e-01
2.87000000000000e+03  -5.08503432015767e-01
2.87500000000000e+03  -5.08514553207806e-01
2.88000000000000e+03  -5.08525540768731e-01
2.88500000000000e+03  -5.08536396425494e-01
2.89000000000000e+03  -5.08547121885948e-01
2.89500000000000e+03  -5.08557718838868e-01
2.90000000000000e+03  -5.08568188953980e-01
2.90500000000000e+03  -5.08578533881999e-01
2.91000000000000e+03  -5.08588755254664e-01
2.91500000000000e+03  -5.08598854684787e-01
2.92000000000000e+03  -5.08608833766301e-01
2.92500000000000e+03  -5.08618694074316e-01
2.93000000000000e+03  -5.08628437165181e-01
2.93500000000000e+03  -5.08638064576549e-01
2.94000000000000e+03  -5.08647577827447e-01
2.94500000000000e+03  -5.08656978418358e-01
2.95000000000000e+03  -5.08666267831296e-01
2.95500000000000e+03  -5.08675447529900e-01
2.96000000000000e+03  -5.08684518959520e-01
2.96500000000000e+03  -5.08693483547320e-01
2.97000000000000e+03  -5.08702342702381e-01
2.97500000000000e+03  -5.08711097815805e-01
2.98000000000000e+03  -5.08719750260833e-01
2.98500000000000e+03  -5.08728301392962e-01
2.99000000000000e+03  -5.08736752550071e-01
2.99500000000000e+03  -5.08745105052549e-01
3.00000000000000e+03  -5.08753360203430e-01
3.00500000000000e+03  -5.08761519288534e-01
3.01000000000000e+03  -5.08769583576611e-01
3.01500000000000e+03  -5.08777554319494e-01
3.02000000000000e+03  -5.08785432752253e-01
3.02500000000000e+03  -5.08793220093358e-01
3.03000000000000e+03  -5.08800917544844e-01
3.03500000000000e+03  -5.08808526292482e-01
3.04000000000000e+03  -5.08816047505959e-01
3.04500000000000e+03  -5.08823482339060e-01
3.05000000000000e+03  -5.08830831929855e-01
3.05500000000000e+03  -5.08838097400889e-01
3.06000000000000e+03  -5.08845279859386e-01
3.06500000000000e+03  -5.08852380397447e-01
3.07000000000000e+03  -5.08859400092264e-01
3.07500000000000e+03  -5.08866340006333e-01
3.08000000000000e+03  -5.08873201187667e-01
3.08500000000000e+03  -5.08879984670031e-01
3.09000000000000e+03  -5.08886691473164e-01
3.09500000000000e+03  -5.08893322603020e-01
3.10000000000000e+03  -5.08899879052002e-01
3.10500000000000e+03  -5.08906361799216e-01
3.11000000000000e+03  -5.08912771810713e-01
3.11500000000000e+03  -5.08919110039756e-01
3.12000000000000e+03  -5.08925377427070e-01
3.12500000000000e+03  -5.08931574829054e-01
3.13000000000000e+03  -5.08937703228457e-01
3.13500000000000e+03  -5.08943763501947e-01
3.14000000000000e+03  -5.08949756534312e-01
3.14500000000000e+03  -5.08955683197835e-01
3.15000000000000e+03  -5.08961544352464e-01
3.15500000000000e+03  -5.08967340845975e-01
3.16000000000000e+03  -5.08973073514134e-01
3.16500000000000e+03  -5.08978743180863e-01
3.17000000000000e+03  -5.08984350658396e-01
3.17500000000000e+03  -5.08989896747442e-01
3.18000000000000e+03  -5.08995382237338e-01
3.18500000000000e+03  -5.09000807906210e-01
3.19000000000000e+03  -5.09006174521123e-01
3.19500000000000e+03  -5.09011482838234e-01
3.20000000000000e+03  -5.09016733602947e-01
3.20500000000000e+03  -5.09021927550055e-01
3.21000000000000e+03  -5.09027065403899e-01
3.21500000000000e+03  -5.09032147878505e-01
3.22000000000000e+03  -5.09037175677731e-01
3.22500000000000e+03  -5.09042149495415e-01
3.23000000000000e+03  -5.09047070015513e-01
3.23500000000000e+03  -5.09051937912238e-01
3.24000000000000e+03  -5.09056753850201e-01
3.24500000000000e+03  -5.09061518484549e-01
3.25000000000000e+03  -5.09066232461101e-01
3.25500000000000e+03  -5.09070896416477e-01
3.26000000000000e+03  -5.09075510978237e-01
3.26500000000000e+03  -5.09080076765009e-01
3.27000000000000e+03  -5.09084594386617e-01
3.27500000000000e+03  -5.09089064444214e-01
3.28000000000000e+03  -5.09093487530401e-01
3.28500000000000e+03  -5.09097864229359e-01
3.29000000000000e+03  -5.09102195116968e-01
3.29500000000000e+03  -5.09106480760931e-01
3.30000000000000e+03  -5.09110721720891e-01
3.30500000000000e+03  -5.09114918548554e-01
3.31000000000000e+03  -5.09119071787802e-01
3.31500000000000e+03  -5.09123181974811e-01
3.32000000000000e+03  -5.09127249638166e-01
3.32500000000000e+03  -5.09131275298970e-01
3.33000000000000e+03  -5.09135259470957e-01
3.33500000000000e+03  -5.09139202660602e-01
3.34000000000000e+03  -5.09143105367226e-01
3.34500000000000e+03  -5.09146968083107e-01
3.35000000000000e+03  -5.09150791293579e-01
3.35500000000000e+03  -5.09154575477141e-01
3.36000000000000e+03  -5.09158321105553e-01
3.36500000000000e+03  -5.09162028643940e-01
3.37000000000000e+03  -5.09165698550888e-01
3.37500000000000e+03  -5.09169331278545e-01
3.38000000000000e+03  -5.09172927272711e-01
3.38500000000000e+03  -5.09176486972935e-01
3.39000000000000e+03  -5.09180010812609e-01
3.39500000000000e+03  -5.09183499219053e-01
3.40000000000000e+03  -5.09186952613610e-01
3.40500000000000e+03  -5.09190371411731e-01
3.41000000000000e+03  -5.09193756023064e-01
3.41500000000000e+03  -5.09197106851531e-01
3.42000000000000e+03  -5.09200424295422e-01
3.42500000000000e+03  -5.09203708747467e-01
3.43000000000000e+03  -5.09206960594922e-01
3.43500000000000e+03  -5.09210180219642e-01
3.44000000000000e+03  -5.09213368001523e-01
3.44500000000000e+03  -5.09216524305447e-01
3.45000000000000e+03  -5.09219649502062e-01
3.45500000000000e+03  -5.09222743952430e-01
3.46000000000000e+03  -5.09225808012663e-01
3.46500000000000e+03  -5.09228842033995e-01
3.47000000000000e+03  -5.09231846362848e-01
3.47500000000000e+03  -5.09234821340904e-01
3.48000000000000e+03  -5.09237767305168e-01
3.48500000000000e+03  -5.09240684588040e-01
3.49000000000000e+03  -5.09243573517377e-01
3.49500000000000e+03  -5.09246434416558e-01
3.50000000000000e+03  -5.09249267604555e-01
3.50500000000000e+03  -5.09252073395988e-01
3.51000000000000e+03  -5.09254852101193e-01
3.51500000000000e+03  -5.09257604026284e-01
3.52000000000000e+03  -5.09260329473214e-01
3.52500000000000e+03  -5.09263028739835e-01
3.53000000000000e+03  -5.09265702119961e-01
3.53500000000000e+03  -5.09268349903418e-01
3.54000000000000e+03  -5.09270972376119e-01
3.54500000000000e+03  -5.09273569820105e-01
3.55000000000000e+03  -5.09276142513610e-01
3.55500000000000e+03  -5.09278690731118e-01
3.56000000000000e+03  -5.09281214743416e-01
3.56500000000000e+03  -5.09283714817648e-01
3.57000000000000e+03  -5.09286191217370e-01
3.57500000000000e+03  -5.09288644202604e-01
3.58000000000000e+03  -5.09291074029890e-01
3.58500000000000e+03  -5.09293480952335e-01
3.59000000000000e+03  -5.09295865219669e-01
3.59500000000000e+03  -5.09298227078287e-01
3.60000000000000e+03  -5.09300566771309e-01
3.60500000000000e+03  -5.09302884538619e-01
3.61000000000000e+03  -5.09305180616918e-01
3.61500000000000e+03  -5.09307455239770e-01
3.62000000000000e+03  -5.09309708637646e-01
3.62500000000000e+03  -5.09311941037974e-01
3.63000000000000e+03  -5.09314152665179e-01
3.63500000000000e+03  -5.09316343740729e-01
3.64000000000000e+03  -5.09318514483181e-01
3.64500000000000e+03  -5.09320665108217e-01
3.65000000000000e+03  -5.09322795828693e-01
3.65500000000000e+03  -5.09324906854672e-01
3.66000000000000e+03  -5.09326998393473e-01
3.66500000000000e+03  -5.09329070649704e-01
3.67000000000000e+03  -5.09331123825301e-01
3.67500000000000e+03  -5.09333158119570e-01
3.68000000000000e+03  -5.09335173729221e-01
3.68500000000000e+03  -5.09337170848403e-01
3.69000000000000e+03  -5.09339149668743e-01
3.69500000000000e+03  -5.09341110379379e-01
3.70000000000000e+03  -5.09343053166994e-01
3.70500000000000e+03  -5.09344978215851e-01
3.71000000000000e+03  -5.09346885707821e-01
3.71500000000000e+03  -5.09348775822422e-01
3.72000000000000e+03  -5.09350648736843e-01
3.72500000000000e+03  -5.09352504625977e-01
3.73000000000000e+03  -5.09354343662454e-01
3.73500000000000e+03  -5.09356166016663e-01
3.74000000000000e+03  -5.09357971856785e-01
3.74500000000000e+03  -5.09359761348818e-01
3.75000000000000e+03  -5.09361534660074e-01
3.75500000000000e+03  -5.09363291947296e-01
3.76000000000000e+03  -5.09365033373100e-01
3.76500000000000e+03  -5.09366759095246e-01
3.77000000000000e+03  -5.09368469269502e-01
3.77500000000000e+03  -5.09370164049673e-01
3.78000000000000e+03  -5.09371843587628e-01
3.78500000000000e+03  -5.09373508033321e-01
3.79000000000000e+03  -5.09375157534819e-01
3.79500000000000e+03  -5.09376792238329e-01
3.80000000000000e+03  -5.09378412288220e-01
3.80500000000000e+03  -5.09380017827046e-01
3.81000000000000e+03  -5.09381608995575e-01
3.81500000000000e+03  -5.09383185932811e-01
3.82000000000000e+03  -5.09384748776015e-01
3.82500000000000e+03  -5.09386297660731e-01
3.83000000000000e+03  -5.09387832720809e-01
3.83500000000000e+03  -5.09389354088427e-01
3.84000000000000e+03  -5.09390861894114e-01
3.84500000000000e+03  -5.09392356266773e-01
3.85000000000000e+03  -5.09393837333701e-01
3.85500000000000e+03  -5.09395305220613e-01
3.86000000000000e+03  -5.09396760051661e-01
3.86500000000000e+03  -5.09398201949458e-01
3.87000000000000e+03  -5.09399631035096e-01
3.87500000000000e+03  -5.09401047428168e-01
3.88000000000000e+03  -5.09402451246789e-01
3.88500000000000e+03  -5.09403842607615e-01
3.89000000000000e+03  -5.09405221625863e-01
3.89500000000000e+03  -5.09406588415331e-01
3.90000000000000e+03  -5.09407943088417e-01
3.90500000000000e+03  -5.09409285756134e-01
3.91000000000000e+03  -5.09410616528138e-01
3.91500000000000e+03  -5.09411935512737e-01
3.92000000000000e+03  -5.09413242816913e-01
3.92500000000000e+03  -5.09414538546341e-01
3.93000000000000e+03  -5.09415822805403e-01
3.93500000000000e+03  -5.09417095697209e-01
3.94000000000000e+03  -5.09418357323612e-01
3.94500000000000e+03  -5.09419607785224e-01
3.95000000000000e+03  -5.09420847181434e-01
3.95500000000000e+03  -5.09422075610425e-01
3.96000000000000e+03  -5.09423293169186e-01
3.96500000000000e+03  -5.09424499953530e-01
3.97000000000000e+03  -5.09425696058111e-01
3.97500000000000e+03  -5.09426881576436e-01
3.98000000000000e+03  -5.09428056600881e-01
3.98500000000000e+03  -5.09429221222707e-01
3.99000000000000e+03  -5.09430375532070e-01
3.99500000000000e+03  -5.09431519618039e-01
4.00000000000000e+03  -5.09432653568609e-01
4.00500000000000e+03  -5.09433777470712e-01
4.01000000000000e+03  -5.09434891410232e-01
4.01500000000000e+03  -5.09435995472017e-01
4.02000000000000e+03  -5.09437089739894e-01
4.02500000000000e+03  -5.09438174296675e-01
4.03000000000000e+03  -5.09439249224176e-01
4.03500000000000e+03  -5.09440314603227e-01
4.04000000000000e+03  -5.09441370513679e-01
4.04500000000000e+03  -5.09442417034418e-01
4.05000000000000e+03  -5.09443454243379e-01
4.05500000000000e+03  -5.09444482217552e-01
4.06000000000000e+03  -5.09445501032993e-01
4.06500000000000e+03  -5.09446510766446e-01
4.07000000000000e+03  -5.09447511489959e-01
4.07500000000000e+03  -5.09448503278016e-01
4.08000000000000e+03  -5.09449486203143e-01
4.08500000000000e+03  -5.09450460337002e-01
4.09000000000000e+03  -5.09451425750410e-01
4.09500000000000e+03  -5.09452382513341e-01
4.10000000000000e+03  -5.09453330694938e-01
4.10500000000000e+03  -5.09454270363524e-01
4.11000000000000e+03  -5.09455201586611e-01
4.11500000000000e+03  -5.09456124430911e-01
4.12000000000000e+03  -5.09457038962340e-01
4.12500000000000e+03  -5.09457945246037e-01
4.13000000000000e+03  -5.09458843346362e-01
4.13500000000000e+03  -5.09459733326914e-01
4.14000000000000e+03  -5.09460615250535e-01
4.14500000000000e+03  -5.09461489179323e-01
4.15000000000000e+03  -5.09462355174634e-01
4.15500000000000e+03  -5.09463213297100e-01
4.16000000000000e+03  -5.09464063606628e-01
4.16500000000000e+03  -5.09464906162417e-01
4.17000000000000e+03  -5.09465741022960e-01
4.17500000000000e+03  -5.09466568246056e-01
4.18000000000000e+03  -5.09467387888817e-01
4.18500000000000e+03  -5.09468200007675e-01
4.19000000000000e+03  -5.09469004658392e-01
4.19500000000000e+03  -5.09469801896067e-01
4.20000000000000e+03  -5.09470591775142e-01
4.20500000000000e+03  -5.09471374349414e-01
4.21000000000000e+03  -5.09472149672038e-01
4.21500000000000e+03  -5.09472917795536e-01
4.22000000000000e+03  -5.09473678771805e-01
4.22500000000000e+03  -5.09474432652125e-01
4.23000000000000e+03  -5.09475179487164e-01
4.23500000000000e+03  -5.09475919326985e-01
4.24000000000000e+03  -5.09476652221057e-01
4.24500000000000e+03  -5.09477378218255e-01
4.25000000000000e+03  -5.09478097366873e-01
4.25500000000000e+03  -5.09478809714628e-01
4.26000000000000e+03  -5.09479515308664e-01
4.26500000000000e+03  -5.09480214195566e-01
4.27000000000000e+03  -5.09480906421355e-01
4.27500000000000e+03  -5.09481592031505e-01
4.28000000000000e+03  -5.09482271070944e-01
4.28500000000000e+03  -5.09482943584058e-01
4.29000000000000e+03  -5.09483609614703e-01
4.29500000000000e+03  -5.09484269206205e-01
4.30000000000000e+03  -5.09484922401366e-01
4.30500000000000e+03  -5.09485569242477e-01
4.31000000000000e+03  -5.09486209771311e-01
4.31500000000000e+03  -5.09486844029142e-01
4.32000000000000e+03  -5.09487472056738e-01
4.32500000000000e+03  -5.09488093894374e-01
4.33000000000000e+03  -5.09488709581836e-01
4.33500000000000e+03  -5.09489319158421e-01
4.34000000000000e+03  -5.09489922662949e-01
4.34500000000000e+03  -5.09490520133762e-01
4.35000000000000e+03  -5.09491111608731e-01
4.35500000000000e+03  -5.09491697125262e-01
4.36000000000000e+03  -5.09492276720297e-01
4.36500000000000e+03  -5.09492850430320e-01
4.37000000000000e+03  -5.09493418291362e-01
4.37500000000000e+03  -5.09493980339448e-01
4.38000000000000e+03  -5.09494536609094e-01
4.38500000000000e+03  -5.09495087135363e-01
4.39000000000000e+03  -5.09495631952543e-01
4.39500000000000e+03  -5.09496171094495e-01
4.40000000000000e+03  -5.09496704594659e-01
4.40500000000000e+03  -5.09497232486056e-01
4.41000000000000e+03  -5.09497754801296e-01
4.41500000000000e+03  -5.09498271572577e-01
4.42000000000000e+03  -5.09498782831693e-01
4.42500000000000e+03  -5.09499288610033e-01
4.43000000000000e+03  -5.09499788938592e-01
4.43500000000000e+03  -5.09500283847966e-01
4.44000000000000e+03  -5.09500773368364e-01
4.44500000000000e+03  -5.09501257529605e-01
4.45000000000000e+03  -5.09501736361126e-01
4.45500000000000e+03  -5.09502209891985e-01
4.46000000000000e+03  -5.09502678150860e-01
4.46500000000000e+03  -5.09503141166060e-01
4.47000000000000e+03  -5.09503598965522e-01
4.47500000000000e+03  -5.09504051576818e-01
4.48000000000000e+03  -5.09504499027156e-01
4.48500000000000e+03  -5.09504941343386e-01
4.49000000000000e+03  -5.09505378552000e-01
4.49500000000000e+03  -5.09505810679139e-01
4.50000000000000e+03  -5.09506237750593e-01
4.50500000000000e+03  -5.09506659791804e-01
4.51000000000000e+03  -5.09507076827873e-01
4.51500000000000e+03  -5.09507488883557e-01
4.52000000000000e+03  -5.09507895983279e-01
4.52500000000000e+03  -5.09508298151126e-01
4.53000000000000e+03  -5.09508695410851e-01
4.53500000000000e+03  -5.09509087785880e-01
4.54000000000000e+03  -5.09509475299313e-01
4.54500000000000e+03  -5.09509857973927e-01
4.55000000000000e+03  -5.09510235832176e-01
4.55500000000000e+03  -5.09510608896199e-01
4.56000000000000e+03  -5.09510977187817e-01
4.56500000000000e+03  -5.09511340728540e-01
4.57000000000000e+03  -5.09511699539568e-01
4.57500000000000e+03  -5.09512053641791e-01
4.58000000000000e+03  -5.09512403055796e-01
4.58500000000000e+03  -5.09512747801867e-01
4.59000000000000e+03  -5.09513087899987e-01
4.59500000000000e+03  -5.09513423369839e-01
4.60000000000000e+03  -5.09513754230814e-01
4.60500000000000e+03  -5.09514080502007e-01
4.61000000000000e+03  -5.09514402202221e-01
4.61500000000000e+03  -5.09514719349972e-01
4.62000000000000e+03  -5.09515031963487e-01
4.62500000000000e+03  -5.09515340060707e-01
4.63000000000000e+03  -5.09515643659293e-01
4.63500000000000e+03  -5.09515942776623e-01
4.64000000000000e+03  -5.09516237429795e-01
4.64500000000000e+03  -5.09516527635631e-01
4.65000000000000e+03  -5.09516813410676e-01
4.65500000000000e+03  -5.09517094771205e-01
4.66000000000000e+03  -5.09517371733216e-01
4.66500000000000e+03  -5.09517644312440e-01
4.67000000000000e+03  -5.09517912524339e-01
4.67500000000000e+03  -5.09518176384107e-01
4.68000000000000e+03  -5.09518435906675e-01
4.68500000000000e+03  -5.09518691106705e-01
4.69000000000000e+03  -5.09518941998787e-01
4.69500000000000e+03  -5.09519188596824e-01
4.70000000000000e+03  -5.09519430914821e-01
4.70500000000000e+03  -5.09519668966416e-01
4.71000000000000e+03  -5.09519902764992e-01
4.71500000000000e+03  -5.09520132323679e-01
4.72000000000000e+03  -5.09520357655358e-01
4.72500000000000e+03  -5.09520578772658e-01
4.73000000000000e+03  -5.09520795687960e-01
4.73500000000000e+03  -5.09521008413400e-01
4.74000000000000e+03  -5.09521216960865e-01
4.74500000000000e+03  -5.09521421342001e-01
4.75000000000000e+03  -5.09521621568207e-01
4.75500000000000e+03  -5.09521817650645e-01
4.76000000000000e+03  -5.09522009600233e-01
4.76500000000000e+03  -5.09522197427649e-01
4.77000000000000e+03  -5.09522381143336e-01
4.77500000000000e+03  -5.09522560757496e-01
4.78000000000000e+03  -5.09522736280098e-01
4.78500000000000e+03  -5.09522907720876e-01
4.79000000000000e+03  -5.09523075089326e-01
4.79500000000000e+03  -5.09523238394718e-01
4.80000000000000e+03  -5.09523397646083e-01
4.80500000000000e+03  -5.09523552852228e-01
4.81000000000000e+03  -5.09523704021725e-01
4.81500000000000e+03  -5.09523851162920e-01
4.82000000000000e+03  -5.09523994283930e-01
4.82500000000000e+03  -5.09524133392644e-01
4.83000000000000e+03  -5.09524268496728e-01
4.83500000000000e+03  -5.09524399603620e-01
4.84000000000000e+03  -5.09524526720534e-01
4.84500000000000e+03  -5.09524649854460e-01
4.85000000000000e+03  -5.09524769012167e-01
4.85500000000000e+03  -5.09524884200199e-01
4.86000000000000e+03  -5.09524995424880e-01
4.86500000000000e+03  -5.09525102692314e-01
4.87000000000000e+03  -5.09525206008384e-01
4.87500000000000e+03  -5.09525305378753e-01
4.88000000000000e+03  -5.09525400808866e-01
4.88500000000000e+03  -5.09525492303951e-01
4.89000000000000e+03  -5.09525579869015e-01
4.89500000000000e+03  -5.09525663508851e-01
4.90000000000000e+03  -5.09525743228033e-01
4.90500000000000e+03  -5.09525819030922e-01
4.91000000000000e+03  -5.09525890921660e-01
4.91500000000000e+03  -5.09525958904176e-01
4.92000000000000e+03  -5.09526022982185e-01
4.92500000000000e+03  -5.09526083159184e-01
4.93000000000000e+03  -5.09526139438460e-01
4.93500000000000e+03  -5.09526191823084e-01
4.94000000000000e+03  -5.09526240315914e-01
4.94500000000000e+03  -5.09526284919597e-01
4.95000000000000e+03  -5.09526325636564e-01
4.95500000000000e+03  -5.09526362469035e-01
4.96000000000000e+03  -5.09526395419019e-01
4.96500000000000e+03  -5.09526424488312e-01
4.97000000000000e+03  -5.09526449678497e-01
4.97500000000000e+03  -5.09526470990947e-01
4.98000000000000e+03  -5.09526488426821e-01
4.98500000000000e+03  -5.09526501987069e-01
4.99000000000000e+03  -5.09526511672428e-01
4.99500000000000e+03  -5.09526517483425e-01
5.00000000000000e+03  -5.09526519420375e-01
5.00500000000000e+03  -5.09526517483426e-01
5.01000000000000e+03  -5.09526511672429e-01
5.01500000000000e+03  -5.09526501987069e-01
5.02000000000000e+03  -5.09526488426821e-01
5.02500000000000e+03  -5.09526470990947e-01
5.03000000000000e+03  -5.09526449678497e-01
5.03500000000000e+03  -5.09526424488313e-01
5.04000000000000e+03  -5.09526395419020e-01
5.04500000000000e+03  -5.09526362469036e-01
5.05000000000000e+03  -5.09526325636564e-01
5.05500000000000e+03  -5.09526284919597e-01
5.06000000000000e+03  -5.09526240315914e-01
5.06500000000000e+03  -5.09526191823084e-01
5.07000000000000e+03  -5.09526139438460e-01
5.07500000000000e+03  -5.09526083159184e-01
5.08000000000000e+03  -5.09526022982185e-01
5.08500000000000e+03  -5.09525958904176e-01
5.09000000000000e+03  -5.09525890921660e-01
5.09500000000000e+03  -5.09525819030922e-01
5.10000000000000e+03  -5.09525743228033e-01
5.10500000000000e+03  -5.09525663508851e-01
5.11000000000000e+03  -5.09525579869015e-01
5.11500000000000e+03  -5.09525492303951e-01
5.12000000000000e+03  -5.09525400808867e-01
5.12500000000000e+03  -5.09525305378753e-01
5.13000000000000e+03  -5.09525206008384e-01
5.13500000000000e+03  -5.09525102692314e-01
5.14000000000000e+03  -5.09524995424880e-01
5.14500000000000e+03  -5.09524884200199e-01
5.15000000000000e+03  -5.09524769012167e-01
5.15500000000000e+03  -5.09524649854460e-01
5.16000000000000e+03  -5.09524526720534e-01
5.16500000000000e+03  -5.09524399603620e-01
5.17000000000000e+03  -5.09524268496729e-01
5.17500000000000e+03  -5.09524133392644e-01
5.18000000000000e+03  -5.09523994283930e-01
5.18500000000000e+03  -5.09523851162920e-01
5.19000000000000e+03  -5.09523704021725e-01
5.19500000000000e+03  -5.09523552852228e-01
5.20000000000000e+03  -5.09523397646083e-01
5.20500000000000e+03  -5.09523238394717e-01
5.21000000000000e+03  -5.09523075089327e-01
5.21500000000000e+03  -5.09522907720876e-01
5.22000000000000e+03  -5.09522736280098e-01
5.22500000000000e+03  -5.09522560757496e-01
5.23000000000000e+03  -5.09522381143336e-01
5.23500000000000e+03  -5.09522197427649e-01
5.24000000000000e+03  -5.09522009600233e-01
5.24500000000000e+03  -5.09521817650645e-01
5.25000000000000e+03  -5.09521621568207e-01
5.25500000000000e+03  -5.09521421342000e-01
5.26000000000000e+03  -5.09521216960864e-01
5.26500000000000e+03  -5.09521008413400e-01
5.27000000000000e+03  -5.09520795687960e-01
5.27500000000000e+03  -5.09520578772658e-01
5.28000000000000e+03  -5.09520357655358e-01
5.28500000000000e+03  -5.09520132323679e-01
5.29000000000000e+03  -5.09519902764991e-01
5.29500000000000e+03  -5.09519668966416e-01
5.30000000000000e+03  -5.09519430914821e-01
5.30500000000000e+03  -5.09519188596824e-01
5.31000000000000e+03  -5.09518941998787e-01
5.31500000000000e+03  -5.09518691106705e-01
5.32000000000000e+03  -5.09518435906675e-01
5.32500000000000e+03  -5.09518176384107e-01
5.33000000000000e+03  -5.09517912524339e-01
5.33500000000000e+03  -5.09517644312441e-01
5.34000000000000e+03  -5.09517371733216e-01
5.34500000000000e+03  -5.09517094771205e-01
5.35000000000000e+03  -5.09516813410677e-01
5.35500000000000e+03  -5.09516527635631e-01
5.36000000000000e+03  -5.09516237429795e-01
5.36500000000000e+03  -5.09515942776623e-01
5.37000000000000e+03  -5.09515643659294e-01
5.37500000000000e+03  -5.09515340060708e-01
5.38000000000000e+03  -5.09515031963487e-01
5.38500000000000e+03  -5.09514719349972e-01
5.39000000000000e+03  -5.09514402202221e-01
5.39500000000000e+03  -5.09514080502007e-01
5.40000000000000e+03  -5.09513754230814e-01
5.40500000000000e+03  -5.09513423369839e-01
5.41000000000000e+03  -5.09513087899987e-01
5.41500000000000e+03  -5.09512747801867e-01
5.42000000000000e+03  -5.09512403055796e-01
5.42500000000000e+03  -5.09512053641791e-01
5.43000000000000e+03  -5.09511699539568e-01
5.43500000000000e+03  -5.09511340728540e-01
5.44000000000000e+03  -5.09510977187817e-01
5.44500000000000e+03  -5.09510608896199e-01
5.45000000000000e+03  -5.09510235832176e-01
5.45500000000000e+03  -5.09509857973927e-01
5.46000000000000e+03  -5.09509475299313e-01
5.46500000000000e+03  -5.09509087785880e-01
5.47000000000000e+03  -5.09508695410851e-01
5.47500000000000e+03  -5.09508298151126e-01
5.48000000000000e+03  -5.09507895983279e-01
5.48500000000000e+03  -5.09507488883557e-01
5.49000000000000e+03  -5.09507076827873e-01
5.49500000000000e+03  -5.09506659791804e-01
5.50000000000000e+03  -5.09506237750593e-01
5.50500000000000e+03  -5.09505810679139e-01
5.51000000000000e+03  -5.09505378552000e-01
5.51500000000000e+03  -5.09504941343386e-01
5.52000000000000e+03  -5.09504499027156e-01
5.52500000000000e+03  -5.09504051576818e-01
5.53000000000000e+03  -5.09503598965522e-01
5.53500000000000e+03  -5.09503141166060e-01
5.54000000000000e+03  -5.09502678150860e-01
5.54500000000000e+03  -5.09502209891985e-01
5.55000000000000e+03  -5.09501736361126e-01
5.55500000000000e+03  -5.09501257529605e-01
5.56000000000000e+03  -5.09500773368363e-01
5.56500000000000e+03  -5.09500283847966e-01
5.57000000000000e+03  -5.09499788938592e-01
5.57500000000000e+03  -5.09499288610033e-01
5.58000000000000e+03  -5.09498782831693e-01
5.58500000000000e+03  -5.09498271572577e-01
5.59000000000000e+03  -5.09497754801296e-01
5.59500000000000e+03  -5.09497232486056e-01
5.60000000000000e+03  -5.09496704594658e-01
5.60500000000000e+03  -5.09496171094495e-01
5.61000000000000e+03  -5.09495631952543e-01
5.61500000000000e+03  -5.09495087135363e-01
5.62000000000000e+03  -5.09494536609094e-01
5.62500000000000e+03  -5.09493980339003e-01
5.63000000000000e+03  -5.09493418291362e-01
5.63500000000000e+03  -5.09492850430320e-01
5.64000000000000e+03  -5.09492276720297e-01
5.64500000000000e+03  -5.09491697125262e-01
5.65000000000000e+03  -5.09491111608732e-01
5.65500000000000e+03  -5.09490520133762e-01
5.66000000000000e+03  -5.09489922662949e-01
5.66500000000000e+03  -5.09489319158421e-01
5.67000000000000e+03  -5.09488709581836e-01
5.67500000000000e+03  -5.09488093894375e-01
5.68000000000000e+03  -5.09487472056738e-01
5.68500000000000e+03  -5.09486844029142e-01
5.69000000000000e+03  -5.09486209771312e-01
5.69500000000000e+03  -5.09485569242477e-01
5.70000000000000e+03  -5.09484922401366e-01
5.70500000000000e+03  -5.09484269206205e-01
5.71000000000000e+03  -5.09483609614704e-01
5.71500000000000e+03  -5.09482943584059e-01
5.72000000000000e+03  -5.09482271070944e-01
5.72500000000000e+03  -5.09481592031506e-01
5.73000000000000e+03  -5.09480906421355e-01
5.73500000000000e+03  -5.09480214195566e-01
5.74000000000000e+03  -5.09479515308665e-01
5.74500000000000e+03  -5.09478809714628e-01
5.75000000000000e+03  -5.09478097366873e-01
5.75500000000000e+03  -5.09477378218255e-01
5.76000000000000e+03  -5.09476652221057e-01
5.76500000000000e+03  -5.09475919326985e-01
5.77000000000000e+03  -5.09475179487164e-01
5.77500000000000e+03  -5.09474432652125e-01
5.78000000000000e+03  -5.09473678771805e-01
5.78500000000000e+03  -5.09472917795536e-01
5.79000000000000e+03  -5.09472149672038e-01
5.79500000000000e+03  -5.09471374349414e-01
5.80000000000000e+03  -5.09470591775142e-01
5.80500000000000e+03  -5.09469801896067e-01
5.81000000000000e+03  -5.09469004658392e-01
5.81500000000000e+03  -5.09468200007676e-01
5.82000000000000e+03  -5.09467387888817e-01
5.82500000000000e+03  -5.09466568246056e-01
5.83000000000000e+03  -5.09465741022960e-01
5.83500000000000e+03  -5.09464906162417e-01
5.84000000000000e+03  -5.09464063606629e-01
5.84500000000000e+03  -5.09463213297100e-01
5.85000000000000e+03  -5.09462355174634e-01
5.85500000000000e+03  -5.09461489179323e-01
5.86000000000000e+03  -5.09460615250535e-01
5.86500000000000e+03  -5.09459733326914e-01
5.87000000000000e+03  -5.09458843346362e-01
5.87500000000000e+03  -5.09457945246037e-01
5.88000000000000e+03  -5.09457038962340e-01
5.88500000000000e+03  -5.09456124430910e-01
5.89000000000000e+03  -5.09455201586611e-01
5.89500000000000e+03  -5.09454270363524e-01
5.90000000000000e+03  -5.09453330694938e-01
5.90500000000000e+03  -5.09452382513341e-01
5.91000000000000e+03  -5.09451425750411e-01
5.91500000000000e+03  -5.09450460337002e-01
5.92000000000000e+03  -5.09449486203142e-01
5.92500000000000e+03  -5.09448503278016e-01
5.93000000000000e+03  -5.09447511489959e-01
5.93500000000000e+03  -5.09446510766447e-01
5.94000000000000e+03  -5.09445501032993e-01
5.94500000000000e+03  -5.09444482217552e-01
5.95000000000000e+03  -5.09443454243379e-01
5.95500000000000e+03  -5.09442417034418e-01
5.96000000000000e+03  -5.09441370513678e-01
5.96500000000000e+03  -5.09440314603227e-01
5.97000000000000e+03  -5.09439249224177e-01
5.97500000000000e+03  -5.09438174296675e-01
5.98000000000000e+03  -5.09437089739894e-01
5.98500000000000e+03  -5.09435995472017e-01
5.99000000000000e+03  -5.09434891410232e-01
5.99500000000000e+03  -5.09433777470712e-01
6.00000000000000e+03  -5.09432653568610e-01
6.00500000000000e+03  -5.09431519618040e-01
6.01000000000000e+03  -5.09430375532070e-01
6.01500000000000e+03  -5.09429221222707e-01
6.02000000000000e+03  -5.09428056600882e-01
6.02500000000000e+03  -5.09426881576436e-01
6.03000000000000e+03  -5.09425696058111e-01
6.03500000000000e+03  -5.09424499953530e-01
6.04000000000000e+03  -5.09423293169186e-01
6.04500000000000e+03  -5.09422075610425e-01
6.05000000000000e+03  -5.09420847181435e-01
6.05500000000000e+03  -5.09419607785224e-01
6.06000000000000e+03  -5.09418357323612e-01
6.06500000000000e+03  -5.09417095697209e-01
6.07000000000000e+03  -5.09415822805402e-01
6.07500000000000e+03  -5.09414538546340e-01
6.08000000000000e+03  -5.09413242816913e-01
6.08500000000000e+03  -5.09411935512737e-01
6.09000000000000e+03  -5.09410616528138e-01
6.09500000000000e+03  -5.09409285756134e-01
6.10000000000000e+03  -5.09407943088417e-01
6.10500000000000e+03  -5.09406588415331e-01
6.11000000000000e+03  -5.09405221625863e-01
6.11500000000000e+03  -5.09403842607615e-01
6.12000000000000e+03  -5.09402451246789e-01
6.12500000000000e+03  -5.09401047428168e-01
6.13000000000000e+03  -5.09399631035096e-01
6.13500000000000e+03  -5.09398201949458e-01
6.14000000000000e+03  -5.09396760051661e-01
6.14500000000000e+03  -5.09395305220613e-01
6.15000000000000e+03  -5.09393837333701e-01
6.15500000000000e+03  -5.09392356266773e-01
6.16000000000000e+03  -5.09390861894114e-01
6.16500000000000e+03  -5.09389354088427e-01
6.17000000000000e+03  -5.09387832720809e-01
6.17500000000000e+03  -5.09386297660731e-01
6.18000000000000e+03  -5.09384748776015e-01
6.18500000000000e+03  -5.09383185932811e-01
6.19000000000000e+03  -5.09381608995575e-01
6.19500000000000e+03  -5.09380017827045e-01
6.20000000000000e+03  -5.09378412288219e-01
6.20500000000000e+03  -5.09376792238329e-01
6.21000000000000e+03  -5.09375157534819e-01
6.21500000000000e+03  -5.09373508033321e-01
6.22000000000000e+03  -5.09371843587628e-01
6.22500000000000e+03  -5.09370164049673e-01
6.23000000000000e+03  -5.09368469269502e-01
6.23500000000000e+03  -5.09366759095245e-01
6.24000000000000e+03  -5.09365033373100e-01
6.24500000000000e+03  -5.09363291947296e-01
6.25000000000000e+03  -5.09361534656603e-01
6.25500000000000e+03  -5.09359761348817e-01
6.26000000000000e+03  -5.09357971856785e-01
6.26500000000000e+03  -5.09356166016663e-01
6.27000000000000e+03  -5.09354343662454e-01
6.27500000000000e+03  -5.09352504625978e-01
6.28000000000000e+03  -5.09350648736843e-01
6.28500000000000e+03  -5.09348775822422e-01
6.29000000000000e+03  -5.09346885707821e-01
6.29500000000000e+03  -5.09344978215851e-01
6.30000000000000e+03  -5.09343053166995e-01
6.30500000000000e+03  -5.09341110379379e-01
6.31000000000000e+03  -5.09339149668743e-01
6.31500000000000e+03  -5.09337170848403e-01
6.32000000000000e+03  -5.09335173729222e-01
6.32500000000000e+03  -5.09333158119571e-01
6.33000000000000e+03  -5.09331123825302e-01
6.33500000000000e+03  -5.09329070649704e-01
6.34000000000000e+03  -5.09326998393473e-01
6.34500000000000e+03  -5.09324906854672e-01
6.35000000000000e+03  -5.09322795828692e-01
6.35500000000000e+03  -5.09320665108217e-01
6.36000000000000e+03  -5.09318514483180e-01
6.36500000000000e+03  -5.09316343740729e-01
6.37000000000000e+03  -5.09314152665179e-01
6.37500000000000e+03  -5.09311941037974e-01
6.38000000000000e+03  -5.09309708637646e-01
6.38500000000000e+03  -5.09307455239770e-01
6.39000000000000e+03  -5.09305180616918e-01
6.39500000000000e+03  -5.09302884538619e-01
6.40000000000000e+03  -5.09300566771309e-01
6.40500000000000e+03  -5.09298227078287e-01
6.41000000000000e+03  -5.09295865219669e-01
6.41500000000000e+03  -5.09293480952335e-01
6.42000000000000e+03  -5.09291074029890e-01
6.42500000000000e+03  -5.09288644202604e-01
6.43000000000000e+03  -5.09286191217370e-01
6.43500000000000e+03  -5.09283714817648e-01
6.44000000000000e+03  -5.09281214743416e-01
6.44500000000000e+03  -5.09278690731118e-01
6.45000000000000e+03  -5.09276142513610e-01
6.45500000000000e+03  -5.09273569820105e-01
6.46000000000000e+03  -5.09270972376119e-01
6.46500000000000e+03  -5.09268349903419e-01
6.47000000000000e+03  -5.09265702119961e-01
6.47500000000000e+03  -5.09263028739835e-01
6.48000000000000e+03  -5.09260329473214e-01
6.48500000000000e+03  -5.09257604026284e-01
6.49000000000000e+03  -5.09254852101192e-01
6.49500000000000e+03  -5.09252073395988e-01
6.50000000000000e+03  -5.09249267604555e-01
6.50500000000000e+03  -5.09246434416558e-01
6.51000000000000e+03  -5.09243573517376e-01
6.51500000000000e+03  -5.09240684588040e-01
6.52000000000000e+03  -5.09237767305168e-01
6.52500000000000e+03  -5.09234821340904e-01
6.53000000000000e+03  -5.09231846362848e-01
6.53500000000000e+03  -5.09228842033995e-01
6.54000000000000e+03  -5.09225808012663e-01
6.54500000000000e+03  -5.09222743952430e-01
6.55000000000000e+03  -5.09219649502063e-01
6.55500000000000e+03  -5.09216524305448e-01
6.56000000000000e+03  -5.09213368001523e-01
6.56500000000000e+03  -5.09210180219642e-01
6.57000000000000e+03  -5.09206960594921e-01
6.57500000000000e+03  -5.09203708747467e-01
6.58000000000000e+03  -5.09200424295422e-01
6.58500000000000e+03  -5.09197106851531e-01
6.59000000000000e+03  -5.09193756023064e-01
6.59500000000000e+03  -5.09190371411731e-01
6.60000000000000e+03  -5.09186952613610e-01
6.60500000000000e+03  -5.09183499219053e-01
6.61000000000000e+03  -5.09180010812609e-01
6.61500000000000e+03  -5.09176486972935e-01
6.62000000000000e+03  -5.09172927272711e-01
6.62500000000000e+03  -5.09169331278545e-01
6.63000000000000e+03  -5.09165698550888e-01
6.63500000000000e+03  -5.09162028643940e-01
6.64000000000000e+03  -5.09158321105553e-01
6.64500000000000e+03  -5.09154575477141e-01
6.65000000000000e+03  -5.09150791293579e-01
6.65500000000000e+03  -5.09146968083107e-01
6.66000000000000e+03  -5.09143105367226e-01
6.66500000000000e+03  -5.09139202660602e-01
6.67000000000000e+03  -5.09135259470957e-01
6.67500000000000e+03  -5.09131275298970e-01
6.68000000000000e+03  -5.09127249638166e-01
6.68500000000000e+03  -5.09123181974811e-01
6.69000000000000e+03  -5.09119071787801e-01
6.69500000000000e+03  -5.09114918548554e-01
6.70000000000000e+03  -5.09110721720891e-01
6.70500000000000e+03  -5.09106480760931e-01
6.71000000000000e+03  -5.09102195116968e-01
6.71500000000000e+03  -5.09097864229359e-01
6.72000000000000e+03  -5.09093487530401e-01
6.72500000000000e+03  -5.09089064444214e-01
6.73000000000000e+03  -5.09084594386617e-01
6.73500000000000e+03  -5.09080076765009e-01
6.74000000000000e+03  -5.09075510978238e-01
6.74500000000000e+03  -5.09070896416477e-01
6.75000000000000e+03  -5.09066232461101e-01
6.75500000000000e+03  -5.09061518484549e-01
6.76000000000000e+03  -5.09056753850201e-01
6.76500000000000e+03  -5.09051937912238e-01
6.77000000000000e+03  -5.09047070015513e-01
6.77500000000000e+03  -5.09042149495416e-01
6.78000000000000e+03  -5.09037175677732e-01
6.78500000000000e+03  -5.09032147878505e-01
6.79000000000000e+03  -5.09027065403900e-01
6.79500000000000e+03  -5.09021927550056e-01
6.80000000000000e+03  -5.09016733602947e-01
6.80500000000000e+03  -5.09011482838235e-01
6.81000000000000e+03  -5.09006174521124e-01
6.81500000000000e+03  -5.09000807906211e-01
6.82000000000000e+03  -5.08995382237339e-01
6.82500000000000e+03  -5.08989896747442e-01
6.83000000000000e+03  -5.08984350658396e-01
6.83500000000000e+03  -5.08978743180863e-01
6.84000000000000e+03  -5.08973073514134e-01
6.84500000000000e+03  -5.08967340845975e-01
6.85000000000000e+03  -5.08961544352464e-01
6.85500000000000e+03  -5.08955683197835e-01
6.86000000000000e+03  -5.08949756534312e-01
6.86500000000000e+03  -5.08943763501947e-01
6.87000000000000e+03  -5.08937703228457e-01
6.87500000000000e+03  -5.08931574901120e-01
6.88000000000000e+03  -5.08925377427070e-01
6.88500000000000e+03  -5.08919110039756e-01
6.89000000000000e+03  -5.08912771810713e-01
6.89500000000000e+03  -5.08906361799216e-01
6.90000000000000e+03  -5.08899879052002e-01
6.90500000000000e+03  -5.08893322603020e-01
6.91000000000000e+03  -5.08886691473165e-01
6.91500000000000e+03  -5.08879984670031e-01
6.92000000000000e+03  -5.08873201187667e-01
6.92500000000000e+03  -5.08866340006332e-01
6.93000000000000e+03  -5.08859400092264e-01
6.93500000000000e+03  -5.08852380397447e-01
6.94000000000000e+03  -5.08845279859386e-01
6.94500000000000e+03  -5.08838097400889e-01
6.95000000000000e+03  -5.08830831929855e-01
6.95500000000000e+03  -5.08823482339061e-01
6.96000000000000e+03  -5.08816047505959e-01
6.96500000000000e+03  -5.08808526292482e-01
6.97000000000000e+03  -5.08800917544843e-01
6.97500000000000e+03  -5.08793220093358e-01
6.98000000000000e+03  -5.08785432752253e-01
6.98500000000000e+03  -5.08777554319494e-01
6.99000000000000e+03  -5.08769583576611e-01
6.99500000000000e+03  -5.08761519288534e-01
7.00000000000000e+03  -5.08753360203430e-01
7.00500000000000e+03  -5.08745105052549e-01
7.01000000000000e+03  -5.08736752550071e-01
7.01500000000000e+03  -5.08728301392962e-01
7.02000000000000e+03  -5.08719750260833e-01
7.02500000000000e+03  -5.08711097815805e-01
7.03000000000000e+03  -5.08702342702381e-01
7.03500000000000e+03  -5.08693483547320e-01
7.04000000000000e+03  -5.08684518959520e-01
7.04500000000000e+03  -5.08675447529900e-01
7.05000000000000e+03  -5.08666267831296e-01
7.05500000000000e+03  -5.08656978418358e-01
7.06000000000000e+03  -5.08647577827448e-01
7.06500000000000e+03  -5.08638064576549e-01
7.07000000000000e+03  -5.08628437165181e-01
7.07500000000000e+03  -5.08618694074316e-01
7.08000000000000e+03  -5.08608833766301e-01
7.08500000000000e+03  -5.08598854684787e-01
7.09000000000000e+03  -5.08588755254664e-01
7.09500000000000e+03  -5.08578533881999e-01
7.10000000000000e+03  -5.08568188953980e-01
7.10500000000000e+03  -5.08557718838868e-01
7.11000000000000e+03  -5.08547121885948e-01
7.11500000000000e+03  -5.08536396425494e-01
7.12000000000000e+03  -5.08525540768730e-01
7.12500000000000e+03  -5.08514553207806e-01
7.13000000000000e+03  -5.08503432015767e-01
7.13500000000000e+03  -5.08492175446542e-01
7.14000000000000e+03  -5.08480781734925e-01
7.14500000000000e+03  -5.08469249096572e-01
7.15000000000000e+03  -5.08457575727991e-01
7.15500000000000e+03  -5.08445759806554e-01
7.16000000000000e+03  -5.08433799490497e-01
7.16500000000000e+03  -5.08421692918936e-01
7.17000000000000e+03  -5.08409438211886e-01
7.17500000000000e+03  -5.08397033470285e-01
7.18000000000000e+03  -5.08384476776020e-01
7.18500000000000e+03  -5.08371766191965e-01
7.19000000000000e+03  -5.08358900012993e-01
7.19500000000000e+03  -5.08345875766180e-01
7.20000000000000e+03  -5.08332691811480e-01
7.20500000000000e+03  -5.08319346134472e-01
7.21000000000000e+03  -5.08305836707645e-01
7.21500000000000e+03  -5.08292161490353e-01
7.22000000000000e+03  -5.08278318428840e-01
7.22500000000000e+03  -5.08264305456323e-01
7.23000000000000e+03  -5.08250120493144e-01
7.23500000000000e+03  -5.08235761446980e-01
7.24000000000000e+03  -5.08221226213113e-01
7.24500000000000e+03  -5.08206512674778e-01
7.25000000000000e+03  -5.08191618703552e-01
7.25500000000000e+03  -5.08176542159827e-01
7.26000000000000e+03  -5.08161280893334e-01
7.26500000000000e+03  -5.08145832743730e-01
7.27000000000000e+03  -5.08130195541256e-01
7.27500000000000e+03  -5.08114367107452e-01
7.28000000000000e+03  -5.08098345255935e-01
7.28500000000000e+03  -5.08082127793242e-01
7.29000000000000e+03  -5.08065712519738e-01
7.29500000000000e+03  -5.08049097230581e-01
7.30000000000000e+03  -5.08032279716756e-01
7.30500000000000e+03  -5.08015257766171e-01
7.31000000000000e+03  -5.07998029164815e-01
7.31500000000000e+03  -5.07980591697974e-01
7.32000000000000e+03  -5.07962943151524e-01
7.32500000000000e+03  -5.07945081313271e-01
7.33000000000000e+03  -5.07927003974364e-01
7.33500000000000e+03  -5.07908708930772e-01
7.34000000000000e+03  -5.07890193984814e-01
7.34500000000000e+03  -5.07871456946765e-01
7.35000000000000e+03  -5.07852495636516e-01
7.35500000000000e+03  -5.07833307885299e-01
7.36000000000000e+03  -5.07813891537479e-01
7.36500000000000e+03  -5.07794244452405e-01
7.37000000000000e+03  -5.07774364506324e-01
7.37500000000000e+03  -5.07754249594361e-01
7.38000000000000e+03  -5.07733897632561e-01
7.38500000000000e+03  -5.07713306559992e-01
7.39000000000000e+03  -5.07692474340913e-01
7.39500000000000e+03  -5.07671398967006e-01
7.40000000000000e+03  -5.07650078459671e-01
7.40500000000000e+03  -5.07628510872379e-01
7.41000000000000e+03  -5.07606694293096e-01
7.41500000000000e+03  -5.07584626846765e-01
7.42000000000000e+03  -5.07562306697851e-01
7.42500000000000e+03  -5.07539732052953e-01
7.43000000000000e+03  -5.07516901163476e-01
7.43500000000000e+03  -5.07493812328364e-01
7.44000000000000e+03  -5.07470463896904e-01
7.44500000000000e+03  -5.07446854271582e-01
7.45000000000000e+03  -5.07422981911012e-01
7.45500000000000e+03  -5.07398845332923e-01
7.46000000000000e+03  -5.07374443117209e-01
7.46500000000000e+03  -5.07349773909047e-01
7.47000000000000e+03  -5.07324836422070e-01
7.47500000000000e+03  -5.07299629441609e-01
7.48000000000000e+03  -5.07274151827999e-01
7.48500000000000e+03  -5.07248402519943e-01
7.49000000000000e+03  -5.07222380537942e-01
7.49500000000000e+03  -5.07196084987790e-01
7.50000000000000e+03  -5.07169513583370e-01
7.50500000000000e+03  -5.07142669895542e-01
7.51000000000000e+03  -5.07115550054571e-01
7.51500000000000e+03  -5.07088153689860e-01
7.52000000000000e+03  -5.07060480508552e-01
7.52500000000000e+03  -5.07032530302428e-01
7.53000000000000e+03  -5.07004302954562e-01
7.53500000000000e+03  -5.06975798445714e-01
7.54000000000000e+03  -5.06947016860486e-01
7.54500000000000e+03  -5.06917958393210e-01
7.55000000000000e+03  -5.06888623353604e-01
7.55500000000000e+03  -5.06859012172166e-01
7.56000000000000e+03  -5.06829125405320e-01
7.56500000000000e+03  -5.06798963740309e-01
7.57000000000000e+03  -5.06768527999847e-01
7.57500000000000e+03  -5.06737819146506e-01
7.58000000000000e+03  -5.06706838286866e-01
7.58500000000000e+03  -5.06675586675406e-01
7.59000000000000e+03  -5.06644065718146e-01
7.59500000000000e+03  -5.06612276976041e-01
7.60000000000000e+03  -5.06580222168122e-01
7.60500000000000e+03  -5.06547903174390e-01
7.61000000000000e+03  -5.06515322038451e-01
7.61500000000000e+03  -5.06482480969911e-01
7.62000000000000e+03  -5.06449382346516e-01
7.62500000000000e+03  -5.06416028716037e-01
7.63000000000000e+03  -5.06382422797911e-01
7.63500000000000e+03  -5.06348567484631e-01
7.64000000000000e+03  -5.06314465842880e-01
7.64500000000000e+03  -5.06280121114418e-01
7.65000000000000e+03  -5.06245536716722e-01
7.65500000000000e+03  -5.06210716243367e-01
7.66000000000000e+03  -5.06175663464164e-01
7.66500000000000e+03  -5.06140382325044e-01
7.67000000000000e+03  -5.06104876947693e-01
7.67500000000000e+03  -5.06069151628934e-01
7.68000000000000e+03  -5.06033210839861e-01
7.68500000000000e+03  -5.05997059224721e-01
7.69000000000000e+03  -5.05960701599546e-01
7.69500000000000e+03  -5.05924142950533e-01
7.70000000000000e+03  -5.05887388432180e-01
7.70500000000000e+03  -5.05850443365158e-01
7.71000000000000e+03  -5.05813313233947e-01
7.71500000000000e+03  -5.05776003684212e-01
7.72000000000000e+03  -5.05738520519934e-01
7.72500000000000e+03  -5.05700869700287e-01
7.73000000000000e+03  -5.05663057336263e-01
7.73500000000000e+03  -5.05625089687052e-01
7.74000000000000e+03  -5.05586973156167e-01
7.74500000000000e+03  -5.05548714287322e-01
7.75000000000000e+03  -5.05510319760052e-01
7.75500000000000e+03  -5.05471796385093e-01
7.76000000000000e+03  -5.05433151099504e-01
7.76500000000000e+03  -5.05394390961540e-01
7.77000000000000e+03  -5.05355523145276e-01
7.77500000000000e+03  -5.05316554934980e-01
7.78000000000000e+03  -5.05277493719232e-01
7.78500000000000e+03  -5.05238346984799e-01
7.79000000000000e+03  -5.05199122310253e-01
7.79500000000000e+03  -5.05159827359344e-01
7.80000000000000e+03  -5.05120469874116e-01
7.80500000000000e+03  -5.05081057667780e-01
7.81000000000000e+03  -5.05041598617329e-01
7.81500000000000e+03  -5.05002099136324e-01
7.82000000000000e+03  -5.04962568685907e-01
7.82500000000000e+03  -5.04923014966975e-01
7.83000000000000e+03  -5.04883445889323e-01
7.83500000000000e+03  -5.04843869391766e-01
7.84000000000000e+03  -5.04804293431492e-01
7.84500000000000e+03  -5.04764725973706e-01
7.85000000000000e+03  -5.04725174981552e-01
7.85500000000000e+03  -5.04685648406319e-01
7.86000000000000e+03  -5.04646154177923e-01
7.86500000000000e+03  -5.04606700195684e-01
7.87000000000000e+03  -5.04567294319374e-01
7.87500000000000e+03  -5.04527944360548e-01
7.88000000000000e+03  -5.04488658074169e-01
7.88500000000000e+03  -5.04449443150498e-01
7.89000000000000e+03  -5.04410307207282e-01
7.89500000000000e+03  -5.04371257782213e-01
7.90000000000000e+03  -5.04332302325676e-01
7.90500000000000e+03  -5.04293448193775e-01
7.91000000000000e+03  -5.04254702641648e-01
7.91500000000000e+03  -5.04216072817053e-01
7.92000000000000e+03  -5.04177565754250e-01
7.92500000000000e+03  -5.04139188368153e-01
7.93000000000000e+03  -5.04100947448775e-01
7.93500000000000e+03  -5.04062849655941e-01
7.94000000000000e+03  -5.04024901514305e-01
7.94500000000000e+03  -5.03987109408625e-01
7.95000000000000e+03  -5.03949479579341e-01
7.95500000000000e+03  -5.03912018118417e-01
7.96000000000000e+03  -5.03874730965486e-01
7.96500000000000e+03  -5.03837623904254e-01
7.97000000000000e+03  -5.03800702559209e-01
7.97500000000000e+03  -5.03763972392592e-01
7.98000000000000e+03  -5.03727438701668e-01
7.98500000000000e+03  -5.03691106616267e-01
7.99000000000000e+03  -5.03654981096610e-01
7.99500000000000e+03  -5.03619066931425e-01
8.00000000000000e+03  -5.03583368736331e-01
8.00500000000000e+03  -5.03547890952520e-01
8.01000000000000e+03  -5.03512637845709e-01
8.01500000000000e+03  -5.03477613505380e-01
8.02000000000000e+03  -5.03442821844304e-01
8.02500000000000e+03  -5.03408266598341e-01
8.03000000000000e+03  -5.03373951326530e-01
8.03500000000000e+03  -5.03339879411452e-01
8.04000000000000e+03  -5.03306054059887e-01
8.04500000000000e+03  -5.03272478303743e-01
8.05000000000000e+03  -5.03239155001271e-01
8.05500000000000e+03  -5.03206086838567e-01
8.06000000000000e+03  -5.03173276331347e-01
8.06500000000000e+03  -5.03140725827010e-01
8.07000000000000e+03  -5.03108437506985e-01
8.07500000000000e+03  -5.03076413389360e-01
8.08000000000000e+03  -5.03044655331783e-01
8.08500000000000e+03  -5.03013165034662e-01
8.09000000000000e+03  -5.02981944044633e-01
8.09500000000000e+03  -5.02950993758322e-01
8.10000000000000e+03  -5.02920315426376e-01
8.10500000000000e+03  -5.02889910157793e-01
8.11000000000000e+03  -5.02859778924516e-01
8.11500000000000e+03  -5.02829922566324e-01
8.12000000000000e+03  -5.02800341796001e-01
8.12500000000000e+03  -5.02771059550645e-01
8.13000000000000e+03  -5.02742019867744e-01
8.13500000000000e+03  -5.02713259169558e-01
8.14000000000000e+03  -5.02684777317108e-01
8.14500000000000e+03  -5.02656574071376e-01
8.15000000000000e+03  -5.02628649096294e-01
8.15500000000000e+03  -5.02601001961710e-01
8.16000000000000e+03  -5.02573632146293e-01
8.16500000000000e+03  -5.02546539040425e-01
8.17000000000000e+03  -5.02519721949034e-01
8.17500000000000e+03  -5.02493180094406e-01
8.18000000000000e+03  -5.02466912618949e-01
8.18500000000000e+03  -5.02440918587926e-01
8.19000000000000e+03  -5.02415196992143e-01
8.19500000000000e+03  -5.02389746750606e-01
8.20000000000000e+03  -5.02364566713142e-01
8.20500000000000e+03  -5.02339655662971e-01
8.21000000000000e+03  -5.02315012319256e-01
8.21500000000000e+03  -5.02290635339602e-01
8.22000000000000e+03  -5.02266523322524e-01
8.22500000000000e+03  -5.02242674809880e-01
8.23000000000000e+03  -5.02219088289256e-01
8.23500000000000e+03  -5.02195762196327e-01
8.24000000000000e+03  -5.02172694917170e-01
8.24500000000000e+03  -5.02149884790545e-01
8.25000000000000e+03  -5.02127330110131e-01
8.25500000000000e+03  -5.02105029126741e-01
8.26000000000000e+03  -5.02082980050474e-01
8.26500000000000e+03  -5.02061181052857e-01
8.27000000000000e+03  -5.02039630268928e-01
8.27500000000000e+03  -5.02018325799292e-01
8.28000000000000e+03  -5.01997265712136e-01
8.28500000000000e+03  -5.01976448045210e-01
8.29000000000000e+03  -5.01955870807767e-01
8.29500000000000e+03  -5.01935531982461e-01
8.30000000000000e+03  -5.01915429527222e-01
8.30500000000000e+03  -5.01895561377078e-01
8.31000000000000e+03  -5.01875925445944e-01
8.31500000000000e+03  -5.01856519628381e-01
8.32000000000000e+03  -5.01837341801306e-01
8.32500000000000e+03  -5.01818389825673e-01
8.33000000000000e+03  -5.01799661548111e-01
8.33500000000000e+03  -5.01781154802529e-01
8.34000000000000e+03  -5.01762867411679e-01
8.34500000000000e+03  -5.01744797188683e-01
8.35000000000000e+03  -5.01726941938527e-01
8.35500000000000e+03  -5.01709299459508e-01
8.36000000000000e+03  -5.01691867544651e-01
8.36500000000000e+03  -5.01674643983089e-01
8.37000000000000e+03  -5.01657626561396e-01
8.37500000000000e+03  -5.01640813064896e-01
8.38000000000000e+03  -5.01624201278924e-01
8.38500000000000e+03  -5.01607788990050e-01
8.39000000000000e+03  -5.01591573987276e-01
8.39500000000000e+03  -5.01575554063180e-01
8.40000000000000e+03  -5.01559727015034e-01
8.40500000000000e+03  -5.01544090645879e-01
8.41000000000000e+03  -5.01528642765568e-01
8.41500000000000e+03  -5.01513381191759e-01
8.42000000000000e+03  -5.01498303750889e-01
8.42500000000000e+03  -5.01483408279090e-01
8.43000000000000e+03  -5.01468692623086e-01
8.43500000000000e+03  -5.01454154641040e-01
8.44000000000000e+03  -5.01439792203369e-01
8.44500000000000e+03  -5.01425603193518e-01
8.45000000000000e+03  -5.01411585508700e-01
8.45500000000000e+03  -5.01397737060595e-01
8.46000000000000e+03  -5.01384055776016e-01
8.46500000000000e+03  -5.01370539597533e-01
8.47000000000000e+03  -5.01357186484060e-01
8.47500000000000e+03  -5.01343994411406e-01
8.48000000000000e+03  -5.01330961372790e-01
8.48500000000000e+03  -5.01318085379312e-01
8.49000000000000e+03  -5.01305364460398e-01
8.49500000000000e+03  -5.01292796664188e-01
8.50000000000000e+03  -5.01280380057912e-01
8.50500000000000e+03  -5.01268112728206e-01
8.51000000000000e+03  -5.01255992781404e-01
8.51500000000000e+03  -5.01244018343785e-01
8.52000000000000e+03  -5.01232187561784e-01
8.52500000000000e+03  -5.01220498602172e-01
8.53000000000000e+03  -5.01208949652189e-01
8.53500000000000e+03  -5.01197538919645e-01
8.54000000000000e+03  -5.01186264632980e-01
8.54500000000000e+03  -5.01175125041291e-01
8.55000000000000e+03  -5.01164118414314e-01
8.55500000000000e+03  -5.01153243042382e-01
8.56000000000000e+03  -5.01142497236327e-01
8.56500000000000e+03  -5.01131879327359e-01
8.57000000000000e+03  -5.01121387666904e-01
8.57500000000000e+03  -5.01111020626397e-01
8.58000000000000e+03  -5.01100776597048e-01
8.58500000000000e+03  -5.01090653989566e-01
8.59000000000000e+03  -5.01080651233842e-01
8.59500000000000e+03  -5.01070766778598e-01
8.60000000000000e+03  -5.01060999091001e-01
8.60500000000000e+03  -5.01051346656235e-01
8.61000000000000e+03  -5.01041807977034e-01
8.61500000000000e+03  -5.01032381573183e-01
8.62000000000000e+03  -5.01023065980979e-01
8.62500000000000e+03  -5.01013859752654e-01
8.63000000000000e+03  -5.01004761455757e-01
8.63500000000000e+03  -5.00995769672507e-01
8.64000000000000e+03  -5.00986882999100e-01
8.64500000000000e+03  -5.00978100044981e-01
8.65000000000000e+03  -5.00969419432085e-01
8.65500000000000e+03  -5.00960839794027e-01
8.66000000000000e+03  -5.00952359775267e-01
8.66500000000000e+03  -5.00943978030229e-01
8.67000000000000e+03  -5.00935693222390e-01
8.67500000000000e+03  -5.00927504023325e-01
8.68000000000000e+03  -5.00919409111715e-01
8.68500000000000e+03  -5.00911407172321e-01
8.69000000000000e+03  -5.00903496894922e-01
8.69500000000000e+03  -5.00895676973203e-01
8.70000000000000e+03  -5.00887946103624e-01
8.70500000000000e+03  -5.00880302984235e-01
8.71000000000000e+03  -5.00872746313466e-01
8.71500000000000e+03  -5.00865274788866e-01
8.72000000000000e+03  -5.00857887105821e-01
8.72500000000000e+03  -5.00850581956218e-01
8.73000000000000e+03  -5.00843358027083e-01
8.73500000000000e+03  -5.00836213999177e-01
8.74000000000000e+03  -5.00829148545553e-01
8.74500000000000e+03  -5.00822160330078e-01
8.75000000000000e+03  -5.00815274981038e-01
8.75500000000000e+03  -5.00808457773298e-01
8.76000000000000e+03  -5.00801715955902e-01
8.76500000000000e+03  -5.00795048579601e-01
8.77000000000000e+03  -5.00788454706740e-01
8.77500000000000e+03  -5.00781933411143e-01
8.78000000000000e+03  -5.00775483777999e-01
8.78500000000000e+03  -5.00769104903759e-01
8.79000000000000e+03  -5.00762795896023e-01
8.79500000000000e+03  -5.00756555873426e-01
8.80000000000000e+03  -5.00750383965538e-01
8.80500000000000e+03  -5.00744279312748e-01
8.81000000000000e+03  -5.00738241066162e-01
8.81500000000000e+03  -5.00732268387492e-01
8.82000000000000e+03  -5.00726360448955e-01
8.82500000000000e+03  -5.00720516433162e-01
8.83000000000000e+03  -5.00714735533012e-01
8.83500000000000e+03  -5.00709016951596e-01
8.84000000000000e+03  -5.00703359902086e-01
8.84500000000000e+03  -5.00697763607629e-01
8.85000000000000e+03  -5.00692227301254e-01
8.85500000000000e+03  -5.00686750225761e-01
8.86000000000000e+03  -5.00681331633624e-01
8.86500000000000e+03  -5.00675970786890e-01
8.87000000000000e+03  -5.00670666957073e-01
8.87500000000000e+03  -5.00665419425064e-01
8.88000000000000e+03  -5.00660227481024e-01
8.88500000000000e+03  -5.00655090424288e-01
8.89000000000000e+03  -5.00650007563266e-01
8.89500000000000e+03  -5.00644978215350e-01
8.90000000000000e+03  -5.00640001706810e-01
8.90500000000000e+03  -5.00635077372704e-01
8.91000000000000e+03  -5.00630204556777e-01
8.91500000000000e+03  -5.00625382611374e-01
8.92000000000000e+03  -5.00620610897335e-01
8.92500000000000e+03  -5.00615888783910e-01
8.93000000000000e+03  -5.00611215648660e-01
8.93500000000000e+03  -5.00606590877370e-01
8.94000000000000e+03  -5.00602013863951e-01
8.94500000000000e+03  -5.00597484010351e-01
8.95000000000000e+03  -5.00593000726466e-01
8.95500000000000e+03  -5.00588563430048e-01
8.96000000000000e+03  -5.00584171546615e-01
8.96500000000000e+03  -5.00579824509361e-01
8.97000000000000e+03  -5.00575521759069e-01
8.97500000000000e+03  -5.00571262744026e-01
8.98000000000000e+03  -5.00567046919928e-01
8.98500000000000e+03  -5.00562873749800e-01
8.99000000000000e+03  -5.00558742703909e-01
8.99500000000000e+03  -5.00554653259674e-01
9.00000000000000e+03  -5.00550604901587e-01
9.00500000000000e+03  -5.00546597121124e-01
9.01000000000000e+03  -5.00542629416665e-01
9.01500000000000e+03  -5.00538701293407e-01
9.02000000000000e+03  -5.00534812263283e-01
9.02500000000000e+03  -5.00530961844883e-01
9.03000000000000e+03  -5.00527149563367e-01
9.03500000000000e+03  -5.00523374950389e-01
9.04000000000000e+03  -5.00519637544014e-01
9.04500000000000e+03  -5.00515936888640e-01
9.05000000000000e+03  -5.00512272534918e-01
9.05500000000000e+03  -5.00508644039674e-01
9.06000000000000e+03  -5.00505050965831e-01
9.06500000000000e+03  -5.00501492882331e-01
9.07000000000000e+03  -5.00497969364061e-01
9.07500000000000e+03  -5.00494479991774e-01
9.08000000000000e+03  -5.00491024352014e-01
9.08500000000000e+03  -5.00487602037043e-01
9.09000000000000e+03  -5.00484212644764e-01
9.09500000000000e+03  -5.00480855778652e-01
9.10000000000000e+03  -5.00477531047673e-01
9.10500000000000e+03  -5.00474238066220e-01
9.11000000000000e+03  -5.00470976454036e-01
9.11500000000000e+03  -5.00467745836145e-01
9.12000000000000e+03  -5.00464545842777e-01
9.12500000000000e+03  -5.00461376109306e-01
9.13000000000000e+03  -5.00458236276172e-01
9.13500000000000e+03  -5.00455125988817e-01
9.14000000000000e+03  -5.00452044897615e-01
9.14500000000000e+03  -5.00448992657806e-01
9.15000000000000e+03  -5.00445968929425e-01
9.15500000000000e+03  -5.00442973377240e-01
9.16000000000000e+03  -5.00440005670682e-01
9.16500000000000e+03  -5.00437065483783e-01
9.17000000000000e+03  -5.00434152495109e-01
9.17500000000000e+03  -5.00431266387696e-01
9.18000000000000e+03  -5.00428406848989e-01
9.18500000000000e+03  -5.00425573570775e-01
9.19000000000000e+03  -5.00422766249121e-01
9.19500000000000e+03  -5.00419984584318e-01
9.20000000000000e+03  -5.00417228280812e-01
9.20500000000000e+03  -5.00414497047148e-01
9.21000000000000e+03  -5.00411790595908e-01
9.21500000000000e+03  -5.00409108643653e-01
9.22000000000000e+03  -5.00406450910863e-01
9.22500000000000e+03  -5.00403817121878e-01
9.23000000000000e+03  -5.00401207004843e-01
9.23500000000000e+03  -5.00398620291651e-01
9.24000000000000e+03  -5.00396056717880e-01
9.24500000000000e+03  -5.00393516022747e-01
9.25000000000000e+03  -5.00390997949043e-01
9.25500000000000e+03  -5.00388502243088e-01
9.26000000000000e+03  -5.00386028654668e-01
9.26500000000000e+03  -5.00383576936986e-01
9.27000000000000e+03  -5.00381146846609e-01
9.27500000000000e+03  -5.00378738143415e-01
9.28000000000000e+03  -5.00376350590542e-01
9.28500000000000e+03  -5.00373983954334e-01
9.29000000000000e+03  -5.00371638004294e-01
9.29500000000000e+03  -5.00369312513033e-01
9.30000000000000e+03  -5.00367007256219e-01
9.30500000000000e+03  -5.00364722012529e-01
9.31000000000000e+03  -5.00362456563604e-01
9.31500000000000e+03  -5.00360210693995e-01
9.32000000000000e+03  -5.00357984191123e-01
9.32500000000000e+03  -5.00355776845226e-01
9.33000000000000e+03  -5.00353588449319e-01
9.33500000000000e+03  -5.00351418799146e-01
9.34000000000000e+03  -5.00349267693132e-01
9.34500000000000e+03  -5.00347134932347e-01
9.35000000000000e+03  -5.00345020320454e-01
9.35500000000000e+03  -5.00342923663675e-01
9.36000000000000e+03  -5.00340844770739e-01
9.36500000000000e+03  -5.00338783452848e-01
9.37000000000000e+03  -5.00336739523632e-01
9.37500000000000e+03  -5.00334712799111e-01
9.38000000000000e+03  -5.00332703097653e-01
9.38500000000000e+03  -5.00330710239934e-01
9.39000000000000e+03  -5.00328734048902e-01
9.39500000000000e+03  -5.00326774349739e-01
9.40000000000000e+03  -5.00324830969820e-01
9.40500000000000e+03  -5.00322903738679e-01
9.41000000000000e+03  -5.00320992487971e-01
9.41500000000000e+03  -5.00319097051440e-01
9.42000000000000e+03  -5.00317217264877e-01
9.42500000000000e+03  -5.00315352966093e-01
9.43000000000000e+03  -5.00313503994877e-01
9.43500000000000e+03  -5.00311670192972e-01
9.44000000000000e+03  -5.00309851404035e-01
9.44500000000000e+03  -5.00308047473605e-01
9.45000000000000e+03  -5.00306258249078e-01
9.45500000000000e+03  -5.00304483579667e-01
9.46000000000000e+03  -5.00302723316380e-01
9.46500000000000e+03  -5.00300977311983e-01
9.47000000000000e+03  -5.00299245420976e-01
9.47500000000000e+03  -5.00297527499561e-01
9.48000000000000e+03  -5.00295823405618e-01
9.48500000000000e+03  -5.00294132998672e-01
9.49000000000000e+03  -5.00292456139870e-01
9.49500000000000e+03  -5.00290792691955e-01
9.50000000000000e+03  -5.00289142519237e-01
9.50500000000000e+03  -5.00287505487572e-01
9.51000000000000e+03  -5.00285881464334e-01
9.51500000000000e+03  -5.00284270318395e-01
9.52000000000000e+03  -5.00282671920097e-01
9.52500000000000e+03  -5.00281086141233e-01
9.53000000000000e+03  -5.00279512855023e-01
9.53500000000000e+03  -5.00277951936093e-01
9.54000000000000e+03  -5.00276403260456e-01
9.54500000000000e+03  -5.00274866705487e-01
9.55000000000000e+03  -5.00273342149909e-01
9.55500000000000e+03  -5.00271829473767e-01
9.56000000000000e+03  -5.00270328558418e-01
9.56500000000000e+03  -5.00268839286505e-01
9.57000000000000e+03  -5.00267361541945e-01
9.57500000000000e+03  -5.00265895209908e-01
9.58000000000000e+03  -5.00264440176807e-01
9.58500000000000e+03  -5.00262996330275e-01
9.59000000000000e+03  -5.00261563559155e-01
9.59500000000000e+03  -5.00260141753484e-01
9.60000000000000e+03  -5.00258730804478e-01
9.60500000000000e+03  -5.00257330604523e-01
9.61000000000000e+03  -5.00255941047157e-01
9.61500000000000e+03  -5.00254562027061e-01
9.62000000000000e+03  -5.00253193440047e-01
9.62500000000000e+03  -5.00251835183049e-01
9.63000000000000e+03  -5.00250487154107e-01
9.63500000000000e+03  -5.00249149252364e-01
9.64000000000000e+03  -5.00247821378055e-01
9.64500000000000e+03  -5.00246503432495e-01
9.65000000000000e+03  -5.00245195318076e-01
9.65500000000000e+03  -5.00243896938257e-01
9.66000000000000e+03  -5.00242608197556e-01
9.66500000000000e+03  -5.00241329001548e-01
9.67000000000000e+03  -5.00240059256858e-01
9.67500000000000e+03  -5.00238798871151e-01
9.68000000000000e+03  -5.00237547753137e-01
9.68500000000000e+03  -5.00236305812559e-01
9.69000000000000e+03  -5.00235072960194e-01
9.69500000000000e+03  -5.00233849107851e-01
9.70000000000000e+03  -5.00232634168364e-01
9.70500000000000e+03  -5.00231428055599e-01
9.71000000000000e+03  -5.00230230684443e-01
9.71500000000000e+03  -5.00229041970816e-01
9.72000000000000e+03  -5.00227861831657e-01
9.72500000000000e+03  -5.00226690184940e-01
9.73000000000000e+03  -5.00225526949663e-01
9.73500000000000e+03  -5.00224372045857e-01
9.74000000000000e+03  -5.00223225394591e-01
9.74500000000000e+03  -5.00222086917965e-01
9.75000000000000e+03  -5.00220956539126e-01
9.75500000000000e+03  -5.00219834182266e-01
9.76000000000000e+03  -5.00218719772627e-01
9.76500000000000e+03  -5.00217613236509e-01
9.77000000000000e+03  -5.00216514501275e-01
9.77500000000000e+03  -5.00215423495359e-01
9.78000000000000e+03  -5.00214340148273e-01
9.78500000000000e+03  -5.00213264390616e-01
9.79000000000000e+03  -5.00212196154080e-01
9.79500000000000e+03  -5.00211135371460e-01
9.80000000000000e+03  -5.00210081976670e-01
9.80500000000000e+03  -5.00209035904744e-01
9.81000000000000e+03  -5.00207997091852e-01
9.81500000000000e+03  -5.00206965475314e-01
9.82000000000000e+03  -5.00205940993606e-01
9.82500000000000e+03  -5.00204923586380e-01
9.83000000000000e+03  -5.00203913194470e-01
9.83500000000000e+03  -5.00202909759913e-01
9.84000000000000e+03  -5.00201913225961e-01
9.84500000000000e+03  -5.00200923537092e-01
9.85000000000000e+03  -5.00199940639032e-01
9.85500000000000e+03  -5.00198964478771e-01
9.86000000000000e+03  -5.00197995004576e-01
9.86500000000000e+03  -5.00197032166009e-01
9.87000000000000e+03  -5.00196075913949e-01
9.87500000000000e+03  -5.00195126200610e-01
9.88000000000000e+03  -5.00194182979556e-01
9.88500000000000e+03  -5.00193246205726e-01
9.89000000000000e+03  -5.00192315835453e-01
9.89500000000000e+03  -5.00191391826481e-01
9.90000000000000e+03  -5.00190474137997e-01
9.90500000000000e+03  -5.00189562730642e-01
9.91000000000000e+03  -5.00188657566539e-01
9.91500000000000e+03  -5.00187758609319e-01
9.92000000000000e+03  -5.00186865824140e-01
9.92500000000000e+03  -5.00185979177717e-01
9.93000000000000e+03  -5.00185098638341e-01
9.93500000000000e+03  -5.00184224175911e-01
9.94000000000000e+03  -5.00183355761956e-01
9.94500000000000e+03  -5.00182493369668e-01
9.95000000000000e+03  -5.00181636973921e-01
9.95500000000000e+03  -5.00180786551307e-01
9.96000000000000e+03  -5.00179942080160e-01
9.96500000000000e+03  -5.00179103540588e-01
9.97000000000000e+03  -5.00178270914504e-01
9.97500000000000e+03  -5.00177444185654e-01
9.98000000000000e+03  -5.00176623339646e-01
9.98500000000000e+03  -5.00175808363992e-01
9.99000000000000e+03  -5.00174999248127e-01
9.99500000000000e+03  -5.00174195983453e-01
1.00000000000000e+04  -5.00173398563365e-01
